[gd_scene format=3 uid="uid://dc7n7smcdi4je"]

[node name="BackgroundBuildingsSection11" type="CSGCombiner3D"]
transform = Transform3D(-0.42187473, 0, 0.90665424, 0, 1, 0, -0.90665424, 0, -0.42187473, 0, 0, 0)

[node name="BackgroundBuilding" type="CSGBox3D" parent="."]
transform = Transform3D(0.88056004, 0, -0.4739345, 0, 1, 0, 0.4739345, 0, 0.88056004, -222.27112, 45.870247, 281.49182)
size = Vector3(44.319763, 620.6128, 105.93994)

[node name="CSGBox3D3" type="CSGBox3D" parent="."]
transform = Transform3D(0.9410226, 0, -0.33834377, 0, 1, 0, 0.33834377, 0, 0.9410226, -222.79779, 30.761602, 193.49438)
size = Vector3(95.050354, 590.3954, 105.93994)

[node name="CSGBox3D4" type="CSGBox3D" parent="."]
transform = Transform3D(0.8842063, 0, -0.4670967, 0, 1, 0, 0.4670967, 0, 0.8842063, -136.85474, 85.63383, 115.3703)
size = Vector3(95.050354, 590.3954, 105.93994)

[node name="CSGBox3D5" type="CSGBox3D" parent="."]
transform = Transform3D(0.8192221, 0, -0.5734763, 0, 1, 0, 0.5734763, 0, 0.8192221, -95.11914, 14.235327, 21.325867)
size = Vector3(69.72061, 590.3954, 139.39197)

[node name="CSGBox3D6" type="CSGBox3D" parent="."]
transform = Transform3D(0.8192221, 0, -0.5734763, 0, 1, 0, 0.5734763, 0, 0.8192221, -43.232788, 52.65827, -21.699585)
size = Vector3(70.08914, 590.3954, 69.62866)

[node name="CSGBox3D7" type="CSGBox3D" parent="."]
transform = Transform3D(0.8192221, 0, -0.5734763, 0, 1, 0, 0.5734763, 0, 0.8192221, 22.394226, 52.65824, -106.845825)
size = Vector3(70.08914, 590.3954, 69.62866)

[node name="CSGBox3D8" type="CSGBox3D" parent="."]
transform = Transform3D(0.8192221, 0, -0.5734763, 0, 1, 0, 0.5734763, 0, 0.8192221, 37.702454, 110.35468, -208.61273)
size = Vector3(70.08914, 590.3954, 69.62866)

[node name="CSGBox3D10" type="CSGBox3D" parent="."]
transform = Transform3D(0.8192221, 0, -0.5734763, 0, 1, 0, 0.5734763, 0, 0.8192221, 105.474945, 110.35468, -281.11353)
size = Vector3(126.67348, 590.3954, 69.62866)

[node name="CSGBox3D9" type="CSGBox3D" parent="."]
transform = Transform3D(0.8192221, 0, -0.5734763, 0, 1, 0, 0.5734763, 0, 0.8192221, -33.200806, -24.857904, -124.49768)
size = Vector3(50.39406, 590.3954, 400.63855)
