[gd_scene load_steps=18 format=3 uid="uid://djgjgd6cygrnq"]

[ext_resource type="Script" uid="uid://bll6nv22ptsix" path="res://common/music_on_ready_requester.gd" id="1_fgvbi"]
[ext_resource type="PackedScene" uid="uid://cqy3aqhl2lfin" path="res://common/player/player.tscn" id="2_vhwo5"]
[ext_resource type="Material" uid="uid://okfa87bw25y2" path="res://assets/materials/pixel_outline_shaded.tres" id="4_kf710"]
[ext_resource type="Material" uid="uid://dkvprr5875ops" path="res://assets/materials/simple_texture_white.tres" id="5_0jlmx"]
[ext_resource type="Script" uid="uid://c36tfsjwmrmkd" path="res://content/mechanics/waypoints/waypoint_manager.gd" id="6_cad57"]
[ext_resource type="Material" uid="uid://djb76atyix3ep" path="res://content/levels/level_8/level_8_material.tres" id="6_jkh8s"]
[ext_resource type="PackedScene" uid="uid://dc7n7smcdi4je" path="res://content/levels/level_8/background_buildings_section.tscn" id="7_bvrsq"]
[ext_resource type="AudioStream" uid="uid://cb4ehryvlruvp" path="res://assets/audio/effects/pickup_glass_reverb.wav" id="7_qnnk4"]
[ext_resource type="PackedScene" uid="uid://b63sl0wkb023f" path="res://content/mechanics/waypoints/waypoint.tscn" id="8_dw8hj"]
[ext_resource type="PackedScene" uid="uid://h4bn2xsng55c" path="res://content/levels/level_8/medium_building.tscn" id="9_k1jll"]
[ext_resource type="PackedScene" uid="uid://bkrroji64u325" path="res://content/levels/level_ui.tscn" id="9_v31cg"]
[ext_resource type="PackedScene" uid="uid://pju0sgaabpe2" path="res://content/levels/level_8/leveldata_8.tscn" id="12_cglwr"]

[sub_resource type="ProceduralSkyMaterial" id="ProceduralSkyMaterial_upjnr"]
sky_top_color = Color(0.98378223, 0.987935, 0.9956632, 1)
sky_horizon_color = Color(0.71216166, 0.34020045, 0.8331087, 1)
ground_bottom_color = Color(0.7052723, 0.28632557, 0.79336435, 1)
ground_horizon_color = Color(0.66917855, 0.36376935, 0.8135874, 1)

[sub_resource type="Sky" id="Sky_upjnr"]
sky_material = SubResource("ProceduralSkyMaterial_upjnr")

[sub_resource type="Environment" id="Environment_upjnr"]
background_mode = 2
sky = SubResource("Sky_upjnr")

[sub_resource type="CameraAttributesPractical" id="CameraAttributesPractical_8uhj0"]

[sub_resource type="Compositor" id="Compositor_jy6mt"]

[node name="Level1" type="Node3D"]

[node name="MusicOnReadyRequester" type="Node" parent="."]
script = ExtResource("1_fgvbi")
theme_name = "level_1"
metadata/_custom_type_script = "uid://bll6nv22ptsix"

[node name="SubViewportContainer" type="SubViewportContainer" parent="."]
texture_filter = 1
anchors_preset = 15
anchor_right = 1.0
anchor_bottom = 1.0
grow_horizontal = 2
grow_vertical = 2
size_flags_horizontal = 3
size_flags_vertical = 3
stretch = true

[node name="SubViewport" type="SubViewport" parent="SubViewportContainer"]
handle_input_locally = false
canvas_cull_mask = 4294966272
oversampling = false
size = Vector2i(1920, 1080)
render_target_update_mode = 4

[node name="DirectionalLight3D" type="DirectionalLight3D" parent="SubViewportContainer/SubViewport"]
transform = Transform3D(0.9931082, -0.11659324, 0.011919823, -0.10862491, -0.87747705, 0.46715575, -0.044007868, -0.46523136, -0.88409483, 0, 423.78992, 0)
light_color = Color(0.7455808, 0.7455801, 0.7455802, 1)
light_angular_distance = 0.3
light_specular = 4.629
shadow_enabled = true
shadow_blur = 2.237
directional_shadow_split_1 = 0.135
directional_shadow_blend_splits = true
directional_shadow_max_distance = 3000.0
directional_shadow_pancake_size = 23.1
sky_mode = 1

[node name="WorldEnvironment" type="WorldEnvironment" parent="SubViewportContainer/SubViewport"]
environment = SubResource("Environment_upjnr")
camera_attributes = SubResource("CameraAttributesPractical_8uhj0")
compositor = SubResource("Compositor_jy6mt")

[node name="player" parent="SubViewportContainer/SubViewport" instance=ExtResource("2_vhwo5")]
transform = Transform3D(1, 0, 0, 0, 1, 0, 0, 0, 1, 53.37243, 246.84473, 321.2825)
collision_mask = 1

[node name="Waypoints" type="Node3D" parent="SubViewportContainer/SubViewport"]
script = ExtResource("6_cad57")

[node name="PickupSound" type="AudioStreamPlayer" parent="SubViewportContainer/SubViewport/Waypoints"]
stream = ExtResource("7_qnnk4")
bus = &"SFX"

[node name="Waypoint" parent="SubViewportContainer/SubViewport/Waypoints" instance=ExtResource("8_dw8hj")]
transform = Transform3D(1, 0, 0, 0, 1, 0, 0, 0, 1, 74.140015, 97.17935, 77.171555)

[node name="Waypoint2" parent="SubViewportContainer/SubViewport/Waypoints" instance=ExtResource("8_dw8hj")]
transform = Transform3D(1, 0, 0, 0, 1, 0, 0, 0, 1, -45.996334, 97.17935, 62.474716)

[node name="Waypoint3" parent="SubViewportContainer/SubViewport/Waypoints" instance=ExtResource("8_dw8hj")]
transform = Transform3D(1, 0, 0, 0, 1, 0, 0, 0, 1, -146.07074, 97.17935, 31.62431)

[node name="Waypoint4" parent="SubViewportContainer/SubViewport/Waypoints" instance=ExtResource("8_dw8hj")]
transform = Transform3D(1, 0, 0, 0, 1, 0, 0, 0, 1, -175.91393, 100.49175, -24.124542)

[node name="Waypoint5" parent="SubViewportContainer/SubViewport/Waypoints" instance=ExtResource("8_dw8hj")]
transform = Transform3D(1, 0, 0, 0, 1, 0, 0, 0, 1, -184.5443, 100.49175, -91.39807)

[node name="Waypoint6" parent="SubViewportContainer/SubViewport/Waypoints" instance=ExtResource("8_dw8hj")]
transform = Transform3D(1, 0, 0, 0, 1, 0, 0, 0, 1, -266.12878, 74.68133, -202.27136)

[node name="Waypoint7" parent="SubViewportContainer/SubViewport/Waypoints" instance=ExtResource("8_dw8hj")]
transform = Transform3D(1, 0, 0, 0, 1, 0, 0, 0, 1, -362.1609, 74.78203, -231.00214)

[node name="Waypoint8" parent="SubViewportContainer/SubViewport/Waypoints" instance=ExtResource("8_dw8hj")]
transform = Transform3D(1, 0, 0, 0, 1, 0, 0, 0, 1, -411.2153, 80.11864, -133.47862)

[node name="Waypoint9" parent="SubViewportContainer/SubViewport/Waypoints" instance=ExtResource("8_dw8hj")]
transform = Transform3D(1, 0, 0, 0, 1, 0, 0, 0, 1, -517.51855, 78.81136, -33.521503)

[node name="Waypoint10" parent="SubViewportContainer/SubViewport/Waypoints" instance=ExtResource("8_dw8hj")]
transform = Transform3D(1, 0, 0, 0, 1, 0, 0, 0, 1, -585.6372, 83.26448, 18.01545)

[node name="Waypoint11" parent="SubViewportContainer/SubViewport/Waypoints" instance=ExtResource("8_dw8hj")]
transform = Transform3D(1, 0, 0, 0, 1, 0, 0, 0, 1, -634.2695, 89.4255, 54.638653)

[node name="Waypoint12" parent="SubViewportContainer/SubViewport/Waypoints" instance=ExtResource("8_dw8hj")]
transform = Transform3D(1, 0, 0, 0, 1, 0, 0, 0, 1, -779.7308, 32.52749, 157.96733)

[node name="Waypoint13" parent="SubViewportContainer/SubViewport/Waypoints" instance=ExtResource("8_dw8hj")]
transform = Transform3D(1, 0, 0, 0, 1, 0, 0, 0, 1, -883.9208, 10.1311455, 230.7247)

[node name="Waypoint14" parent="SubViewportContainer/SubViewport/Waypoints" instance=ExtResource("8_dw8hj")]
transform = Transform3D(1, 0, 0, 0, 1, 0, 0, 0, 1, -961.3955, 16.267628, 308.22495)

[node name="Waypoint15" parent="SubViewportContainer/SubViewport/Waypoints" instance=ExtResource("8_dw8hj")]
transform = Transform3D(1, 0, 0, 0, 1, 0, 0, 0, 1, -980.4017, 8.463578, 416.8129)

[node name="Waypoint16" parent="SubViewportContainer/SubViewport/Waypoints" instance=ExtResource("8_dw8hj")]
transform = Transform3D(1, 0, 0, 0, 1, 0, 0, 0, 1, -921.1537, 8.463578, 485.5665)

[node name="Waypoint17" parent="SubViewportContainer/SubViewport/Waypoints" instance=ExtResource("8_dw8hj")]
transform = Transform3D(1, 0, 0, 0, 1, 0, 0, 0, 1, -833.99567, 15.994895, 480.6866)

[node name="Waypoint18" parent="SubViewportContainer/SubViewport/Waypoints" instance=ExtResource("8_dw8hj")]
transform = Transform3D(1, 0, 0, 0, 1, 0, 0, 0, 1, -721.14136, 6.7824144, 472.2338)

[node name="Waypoint19" parent="SubViewportContainer/SubViewport/Waypoints" instance=ExtResource("8_dw8hj")]
transform = Transform3D(1, 0, 0, 0, 1, 0, 0, 0, 1, -664.53845, 6.7824144, 511.19272)

[node name="Waypoint20" parent="SubViewportContainer/SubViewport/Waypoints" instance=ExtResource("8_dw8hj")]
transform = Transform3D(1, 0, 0, 0, 1, 0, 0, 0, 1, -578.0038, 0.60869026, 541.9223)

[node name="Waypoint21" parent="SubViewportContainer/SubViewport/Waypoints" instance=ExtResource("8_dw8hj")]
transform = Transform3D(1, 0, 0, 0, 1, 0, 0, 0, 1, -498.71356, 0.13993502, 480.31845)

[node name="Waypoint22" parent="SubViewportContainer/SubViewport/Waypoints" instance=ExtResource("8_dw8hj")]
transform = Transform3D(1, 0, 0, 0, 1, 0, 0, 0, 1, -388.85785, 3.5188565, 433.70773)

[node name="Waypoint23" parent="SubViewportContainer/SubViewport/Waypoints" instance=ExtResource("8_dw8hj")]
transform = Transform3D(1, 0, 0, 0, 1, 0, 0, 0, 1, -293.84213, 8.935801, 424.48526)

[node name="Waypoint24" parent="SubViewportContainer/SubViewport/Waypoints" instance=ExtResource("8_dw8hj")]
transform = Transform3D(1, 0, 0, 0, 1, 0, 0, 0, 1, -203.2679, 4.240307, 373.16882)

[node name="Waypoint25" parent="SubViewportContainer/SubViewport/Waypoints" instance=ExtResource("8_dw8hj")]
transform = Transform3D(1, 0, 0, 0, 1, 0, 0, 0, 1, -111.29536, -3.6223145, 304.7976)

[node name="Waypoint26" parent="SubViewportContainer/SubViewport/Waypoints" instance=ExtResource("8_dw8hj")]
transform = Transform3D(1, 0, 0, 0, 1, 0, 0, 0, 1, -35.2957, -3.6223145, 212.21028)

[node name="Waypoint27" parent="SubViewportContainer/SubViewport/Waypoints" instance=ExtResource("8_dw8hj")]
transform = Transform3D(1, 0, 0, 0, 1, 0, 0, 0, 1, 31.87022, -2.5251503, 102.07932)

[node name="Waypoint28" parent="SubViewportContainer/SubViewport/Waypoints" instance=ExtResource("8_dw8hj")]
transform = Transform3D(1, 0, 0, 0, 1, 0, 0, 0, 1, -9.90974, -2.5251503, -13.015114)

[node name="Waypoint29" parent="SubViewportContainer/SubViewport/Waypoints" instance=ExtResource("8_dw8hj")]
transform = Transform3D(1, 0, 0, 0, 1, 0, 0, 0, 1, 0.9714632, -2.0489292, -116.246254)

[node name="Waypoint30" parent="SubViewportContainer/SubViewport/Waypoints" instance=ExtResource("8_dw8hj")]
transform = Transform3D(1, 0, 0, 0, 1, 0, 0, 0, 1, -57.384026, 3.4833326, -320.87027)

[node name="Waypoint31" parent="SubViewportContainer/SubViewport/Waypoints" instance=ExtResource("8_dw8hj")]
transform = Transform3D(1, 0, 0, 0, 1, 0, 0, 0, 1, -201.78914, 8.931443, -343.24405)

[node name="Waypoint32" parent="SubViewportContainer/SubViewport/Waypoints" instance=ExtResource("8_dw8hj")]
transform = Transform3D(1, 0, 0, 0, 1, 0, 0, 0, 1, -320.12366, 8.931443, -303.3018)

[node name="Waypoint33" parent="SubViewportContainer/SubViewport/Waypoints" instance=ExtResource("8_dw8hj")]
transform = Transform3D(1, 0, 0, 0, 1, 0, 0, 0, 1, -466.32596, 8.931443, -297.96057)

[node name="Waypoint34" parent="SubViewportContainer/SubViewport/Waypoints" instance=ExtResource("8_dw8hj")]
transform = Transform3D(1, 0, 0, 0, 1, 0, 0, 0, 1, -647.3544, 8.931443, -279.44763)

[node name="Purple" type="CSGCombiner3D" parent="SubViewportContainer/SubViewport"]
transform = Transform3D(-0.9878299, 0, -0.15553789, 0, 1, 0, 0.15553789, 0, -0.9878299, 0, -0.47501183, 0)
material_override = ExtResource("6_jkh8s")
use_collision = true

[node name="CSGBox3D" type="CSGBox3D" parent="SubViewportContainer/SubViewport/Purple"]
transform = Transform3D(1, 0, 0, 0, 1, 0, 0, 0, 1, 225.06165, -19.448595, -261.06573)
size = Vector3(3000, 40, 3000)

[node name="CSGTorus3D" type="CSGTorus3D" parent="SubViewportContainer/SubViewport/Purple/CSGBox3D"]
transform = Transform3D(1, 0, 0, 0, 1, 0, 0, 0, 1, -235.348, 60, -60.798)
operation = 2
inner_radius = 214.74414
outer_radius = 115.4133
sides = 10
ring_sides = 14

[node name="CSGTorus3D2" type="CSGTorus3D" parent="SubViewportContainer/SubViewport/Purple/CSGBox3D"]
transform = Transform3D(1, 0, 0, 0, 1, 0, 0, 0, 1, 58.723, 60, 48.655)
operation = 2
inner_radius = 214.74414
outer_radius = 115.4133
sides = 10
ring_sides = 14

[node name="CSGTorus3D3" type="CSGTorus3D" parent="SubViewportContainer/SubViewport/Purple/CSGBox3D"]
transform = Transform3D(1, 0, 0, 0, 1, 0, 0, 0, 1, 182.489, 60, -224.763)
operation = 2
inner_radius = 214.74414
outer_radius = 115.4133
sides = 10
ring_sides = 14

[node name="CSGTorus3D4" type="CSGTorus3D" parent="SubViewportContainer/SubViewport/Purple/CSGBox3D"]
transform = Transform3D(0.9933547, 0, -0.11509319, 0, 1, 0, 0.11509319, 0, 0.9933547, 622.569, 60, 302.936)
operation = 2
inner_radius = 214.74414
outer_radius = 115.4133
sides = 10
ring_sides = 14

[node name="CSGCylinder3D" type="CSGCylinder3D" parent="SubViewportContainer/SubViewport/Purple/CSGBox3D"]
transform = Transform3D(1, 0, 4.440892e-16, 0, -4.3711385e-08, -0.99999994, 0, 0.99999994, -4.371139e-08, -230.12556, 34.54951, 262.55527)
operation = 2
radius = 24.35254
height = 311.78284
sides = 10

[node name="CSGCylinder3D2" type="CSGCylinder3D" parent="SubViewportContainer/SubViewport/Purple/CSGBox3D"]
transform = Transform3D(0.41020966, 0.9119913, -3.9864396e-08, 5.55006e-17, -4.371138e-08, -0.9999999, -0.91199124, 0.4102096, -1.7930828e-08, 350.22107, 35.20829, 163.79422)
operation = 2
radius = 24.35254
height = 311.78284
sides = 10

[node name="CSGCylinder3D3" type="CSGCylinder3D" parent="SubViewportContainer/SubViewport/Purple/CSGBox3D"]
transform = Transform3D(-0.22646433, 0.97401965, -4.2575635e-08, -3.514993e-16, -4.371138e-08, -1, -0.9740197, -0.22646427, 9.899065e-09, 395.27484, 35.20829, -162.2225)
operation = 2
radius = 24.35254
height = 158.92795
sides = 10

[node name="BackgroundBuildings" type="CSGCombiner3D" parent="SubViewportContainer/SubViewport/Purple"]

[node name="BackgroundBuildingsSection" type="CSGCombiner3D" parent="SubViewportContainer/SubViewport/Purple/BackgroundBuildings"]
transform = Transform3D(1, 0, 0, 0, 1, 0, 0, 0, 1, -645.32214, -190.34967, -895.71814)

[node name="BackgroundBuilding" type="CSGBox3D" parent="SubViewportContainer/SubViewport/Purple/BackgroundBuildings/BackgroundBuildingsSection"]
transform = Transform3D(0.88056004, 0, -0.4739345, 0, 1, 0, 0.4739345, 0, 0.88056004, -222.27112, 45.870247, 281.49182)
size = Vector3(44.319763, 620.6128, 105.93994)

[node name="CSGBox3D3" type="CSGBox3D" parent="SubViewportContainer/SubViewport/Purple/BackgroundBuildings/BackgroundBuildingsSection"]
transform = Transform3D(0.9410226, 0, -0.33834377, 0, 1, 0, 0.33834377, 0, 0.9410226, -222.79779, 30.761602, 193.49438)
size = Vector3(95.050354, 590.3954, 105.93994)

[node name="CSGBox3D4" type="CSGBox3D" parent="SubViewportContainer/SubViewport/Purple/BackgroundBuildings/BackgroundBuildingsSection"]
transform = Transform3D(0.8842063, 0, -0.4670967, 0, 1, 0, 0.4670967, 0, 0.8842063, -136.85474, 85.63383, 115.3703)
size = Vector3(95.050354, 590.3954, 105.93994)

[node name="CSGBox3D5" type="CSGBox3D" parent="SubViewportContainer/SubViewport/Purple/BackgroundBuildings/BackgroundBuildingsSection"]
transform = Transform3D(0.8192221, 0, -0.5734763, 0, 1, 0, 0.5734763, 0, 0.8192221, -95.11914, 14.235327, 21.325867)
size = Vector3(69.72061, 590.3954, 139.39197)

[node name="CSGBox3D6" type="CSGBox3D" parent="SubViewportContainer/SubViewport/Purple/BackgroundBuildings/BackgroundBuildingsSection"]
transform = Transform3D(0.8192221, 0, -0.5734763, 0, 1, 0, 0.5734763, 0, 0.8192221, -43.232788, 52.65827, -21.699585)
size = Vector3(70.08914, 590.3954, 69.62866)

[node name="CSGBox3D7" type="CSGBox3D" parent="SubViewportContainer/SubViewport/Purple/BackgroundBuildings/BackgroundBuildingsSection"]
transform = Transform3D(0.8192221, 0, -0.5734763, 0, 1, 0, 0.5734763, 0, 0.8192221, 22.394226, 52.65824, -106.845825)
size = Vector3(70.08914, 590.3954, 69.62866)

[node name="CSGBox3D8" type="CSGBox3D" parent="SubViewportContainer/SubViewport/Purple/BackgroundBuildings/BackgroundBuildingsSection"]
transform = Transform3D(0.8192221, 0, -0.5734763, 0, 1, 0, 0.5734763, 0, 0.8192221, 37.702454, 110.35468, -208.61273)
size = Vector3(70.08914, 590.3954, 69.62866)

[node name="CSGBox3D10" type="CSGBox3D" parent="SubViewportContainer/SubViewport/Purple/BackgroundBuildings/BackgroundBuildingsSection"]
transform = Transform3D(0.8192221, 0, -0.5734763, 0, 1, 0, 0.5734763, 0, 0.8192221, 105.474945, 110.35468, -281.11353)
size = Vector3(126.67348, 590.3954, 69.62866)

[node name="CSGBox3D9" type="CSGBox3D" parent="SubViewportContainer/SubViewport/Purple/BackgroundBuildings/BackgroundBuildingsSection"]
transform = Transform3D(0.8192221, 0, -0.5734763, 0, 1, 0, 0.5734763, 0, 0.8192221, -33.200806, -24.857904, -124.49768)
size = Vector3(50.39406, 590.3954, 400.63855)

[node name="BackgroundBuildingsSection8" type="CSGCombiner3D" parent="SubViewportContainer/SubViewport/Purple/BackgroundBuildings"]
transform = Transform3D(0.90624136, 0, 0.42276064, 0, 1, 0, -0.42276064, 0, 0.90624136, -901.38306, -190.34967, -358.16724)

[node name="BackgroundBuilding" type="CSGBox3D" parent="SubViewportContainer/SubViewport/Purple/BackgroundBuildings/BackgroundBuildingsSection8"]
transform = Transform3D(0.88056004, 0, -0.4739345, 0, 1, 0, 0.4739345, 0, 0.88056004, -222.27112, 45.870247, 281.49182)
size = Vector3(44.319763, 620.6128, 105.93994)

[node name="CSGBox3D3" type="CSGBox3D" parent="SubViewportContainer/SubViewport/Purple/BackgroundBuildings/BackgroundBuildingsSection8"]
transform = Transform3D(0.9410226, 0, -0.33834377, 0, 1, 0, 0.33834377, 0, 0.9410226, -222.79779, 30.761602, 193.49438)
size = Vector3(95.050354, 590.3954, 105.93994)

[node name="CSGBox3D4" type="CSGBox3D" parent="SubViewportContainer/SubViewport/Purple/BackgroundBuildings/BackgroundBuildingsSection8"]
transform = Transform3D(0.8842063, 0, -0.4670967, 0, 1, 0, 0.4670967, 0, 0.8842063, -136.85474, 85.63383, 115.3703)
size = Vector3(95.050354, 590.3954, 105.93994)

[node name="CSGBox3D5" type="CSGBox3D" parent="SubViewportContainer/SubViewport/Purple/BackgroundBuildings/BackgroundBuildingsSection8"]
transform = Transform3D(0.8192221, 0, -0.5734763, 0, 1, 0, 0.5734763, 0, 0.8192221, -95.11914, 14.235327, 21.325867)
size = Vector3(69.72061, 590.3954, 139.39197)

[node name="CSGBox3D6" type="CSGBox3D" parent="SubViewportContainer/SubViewport/Purple/BackgroundBuildings/BackgroundBuildingsSection8"]
transform = Transform3D(0.8192221, 0, -0.5734763, 0, 1, 0, 0.5734763, 0, 0.8192221, -43.232788, 52.65827, -21.699585)
size = Vector3(70.08914, 590.3954, 69.62866)

[node name="CSGBox3D7" type="CSGBox3D" parent="SubViewportContainer/SubViewport/Purple/BackgroundBuildings/BackgroundBuildingsSection8"]
transform = Transform3D(0.8192221, 0, -0.5734763, 0, 1, 0, 0.5734763, 0, 0.8192221, 22.394226, 52.65824, -106.845825)
size = Vector3(70.08914, 590.3954, 69.62866)

[node name="CSGBox3D8" type="CSGBox3D" parent="SubViewportContainer/SubViewport/Purple/BackgroundBuildings/BackgroundBuildingsSection8"]
transform = Transform3D(0.8192221, 0, -0.5734763, 0, 1, 0, 0.5734763, 0, 0.8192221, 37.702454, 110.35468, -208.61273)
size = Vector3(70.08914, 590.3954, 69.62866)

[node name="CSGBox3D10" type="CSGBox3D" parent="SubViewportContainer/SubViewport/Purple/BackgroundBuildings/BackgroundBuildingsSection8"]
transform = Transform3D(0.8192221, 0, -0.5734763, 0, 1, 0, 0.5734763, 0, 0.8192221, 105.474945, 110.35468, -281.11353)
size = Vector3(126.67348, 590.3954, 69.62866)

[node name="CSGBox3D9" type="CSGBox3D" parent="SubViewportContainer/SubViewport/Purple/BackgroundBuildings/BackgroundBuildingsSection8"]
transform = Transform3D(0.8192221, 0, -0.5734763, 0, 1, 0, 0.5734763, 0, 0.8192221, -33.200806, -24.857904, -124.49768)
size = Vector3(50.39406, 590.3954, 400.63855)

[node name="BackgroundBuildingsSection9" type="CSGCombiner3D" parent="SubViewportContainer/SubViewport/Purple/BackgroundBuildings"]
transform = Transform3D(0.7644491, 0, 0.64468426, 0, 1, 0, -0.64468426, 0, 0.7644491, -909.4696, -190.34967, 322.19974)

[node name="BackgroundBuilding" type="CSGBox3D" parent="SubViewportContainer/SubViewport/Purple/BackgroundBuildings/BackgroundBuildingsSection9"]
transform = Transform3D(0.88056004, 0, -0.4739345, 0, 1, 0, 0.4739345, 0, 0.88056004, -222.27112, 45.870247, 281.49182)
size = Vector3(44.319763, 620.6128, 105.93994)

[node name="CSGBox3D3" type="CSGBox3D" parent="SubViewportContainer/SubViewport/Purple/BackgroundBuildings/BackgroundBuildingsSection9"]
transform = Transform3D(0.9410226, 0, -0.33834377, 0, 1, 0, 0.33834377, 0, 0.9410226, -222.79779, 118.371735, 193.49435)
size = Vector3(95.050354, 765.61566, 105.93994)

[node name="CSGBox3D4" type="CSGBox3D" parent="SubViewportContainer/SubViewport/Purple/BackgroundBuildings/BackgroundBuildingsSection9"]
transform = Transform3D(0.8842063, 0, -0.4670967, 0, 1, 0, 0.4670967, 0, 0.8842063, -136.85474, 85.63383, 115.3703)
size = Vector3(95.050354, 590.3954, 105.93994)

[node name="CSGBox3D5" type="CSGBox3D" parent="SubViewportContainer/SubViewport/Purple/BackgroundBuildings/BackgroundBuildingsSection9"]
transform = Transform3D(0.8192221, 0, -0.5734763, 0, 1, 0, 0.5734763, 0, 0.8192221, -95.11914, 14.235327, 21.325867)
size = Vector3(69.72061, 590.3954, 139.39197)

[node name="CSGBox3D6" type="CSGBox3D" parent="SubViewportContainer/SubViewport/Purple/BackgroundBuildings/BackgroundBuildingsSection9"]
transform = Transform3D(0.8192221, 0, -0.5734763, 0, 1, 0, 0.5734763, 0, 0.8192221, -43.232788, 52.65827, -21.699585)
size = Vector3(70.08914, 590.3954, 69.62866)

[node name="CSGBox3D7" type="CSGBox3D" parent="SubViewportContainer/SubViewport/Purple/BackgroundBuildings/BackgroundBuildingsSection9"]
transform = Transform3D(0.8192221, 0, -0.5734763, 0, 1, 0, 0.5734763, 0, 0.8192221, 22.394226, 52.65824, -106.845825)
size = Vector3(70.08914, 590.3954, 69.62866)

[node name="CSGBox3D8" type="CSGBox3D" parent="SubViewportContainer/SubViewport/Purple/BackgroundBuildings/BackgroundBuildingsSection9"]
transform = Transform3D(0.8192221, 0, -0.5734763, 0, 1, 0, 0.5734763, 0, 0.8192221, 37.702454, 110.35468, -208.61273)
size = Vector3(70.08914, 590.3954, 69.62866)

[node name="CSGBox3D10" type="CSGBox3D" parent="SubViewportContainer/SubViewport/Purple/BackgroundBuildings/BackgroundBuildingsSection9"]
transform = Transform3D(0.8192221, 0, -0.5734763, 0, 1, 0, 0.5734763, 0, 0.8192221, 105.474945, 110.35468, -281.11353)
size = Vector3(126.67348, 590.3954, 69.62866)

[node name="CSGBox3D9" type="CSGBox3D" parent="SubViewportContainer/SubViewport/Purple/BackgroundBuildings/BackgroundBuildingsSection9"]
transform = Transform3D(0.8192221, 0, -0.5734763, 0, 1, 0, 0.5734763, 0, 0.8192221, -33.200806, -24.857904, -124.49768)
size = Vector3(50.39406, 590.3954, 400.63855)

[node name="BackgroundBuildingsSection10" type="CSGCombiner3D" parent="SubViewportContainer/SubViewport/Purple/BackgroundBuildings"]
transform = Transform3D(-0.42187473, 0, 0.90665424, 0, 1, 0, -0.90665424, 0, -0.42187473, -560.4381, -190.34967, 703.0636)

[node name="BackgroundBuilding" type="CSGBox3D" parent="SubViewportContainer/SubViewport/Purple/BackgroundBuildings/BackgroundBuildingsSection10"]
transform = Transform3D(0.88056004, 0, -0.4739345, 0, 1, 0, 0.4739345, 0, 0.88056004, -222.27112, 45.870247, 281.49182)
size = Vector3(44.319763, 620.6128, 105.93994)

[node name="CSGBox3D3" type="CSGBox3D" parent="SubViewportContainer/SubViewport/Purple/BackgroundBuildings/BackgroundBuildingsSection10"]
transform = Transform3D(0.94102246, 0, -0.3383438, 0, 1, 0, 0.3383438, 0, 0.94102246, -257.6184, 30.761597, 217.96509)
size = Vector3(95.050354, 590.3954, 224.7472)

[node name="CSGBox3D4" type="CSGBox3D" parent="SubViewportContainer/SubViewport/Purple/BackgroundBuildings/BackgroundBuildingsSection10"]
transform = Transform3D(0.8842063, 0, -0.4670967, 0, 1, 0, 0.4670967, 0, 0.8842063, -136.85474, 85.63383, 115.3703)
size = Vector3(95.050354, 590.3954, 105.93994)

[node name="CSGBox3D5" type="CSGBox3D" parent="SubViewportContainer/SubViewport/Purple/BackgroundBuildings/BackgroundBuildingsSection10"]
transform = Transform3D(0.8192221, 0, -0.5734763, 0, 1, 0, 0.5734763, 0, 0.8192221, -95.11914, 14.235327, 21.325867)
size = Vector3(69.72061, 590.3954, 139.39197)

[node name="CSGBox3D6" type="CSGBox3D" parent="SubViewportContainer/SubViewport/Purple/BackgroundBuildings/BackgroundBuildingsSection10"]
transform = Transform3D(0.8192221, 0, -0.5734763, 0, 1, 0, 0.5734763, 0, 0.8192221, -43.232788, 52.65827, -21.699585)
size = Vector3(70.08914, 590.3954, 69.62866)

[node name="CSGBox3D7" type="CSGBox3D" parent="SubViewportContainer/SubViewport/Purple/BackgroundBuildings/BackgroundBuildingsSection10"]
transform = Transform3D(0.8192221, 0, -0.5734763, 0, 1, 0, 0.5734763, 0, 0.8192221, 22.394226, 52.65824, -106.845825)
size = Vector3(70.08914, 590.3954, 69.62866)

[node name="CSGBox3D8" type="CSGBox3D" parent="SubViewportContainer/SubViewport/Purple/BackgroundBuildings/BackgroundBuildingsSection10"]
transform = Transform3D(0.8192221, 0, -0.5734763, 0, 1, 0, 0.5734763, 0, 0.8192221, 37.702454, 110.35468, -208.61273)
size = Vector3(70.08914, 590.3954, 69.62866)

[node name="CSGBox3D10" type="CSGBox3D" parent="SubViewportContainer/SubViewport/Purple/BackgroundBuildings/BackgroundBuildingsSection10"]
transform = Transform3D(0.8192221, 0, -0.5734763, 0, 1, 0, 0.5734763, 0, 0.8192221, 105.474945, 110.35468, -281.11353)
size = Vector3(126.67348, 590.3954, 69.62866)

[node name="CSGBox3D9" type="CSGBox3D" parent="SubViewportContainer/SubViewport/Purple/BackgroundBuildings/BackgroundBuildingsSection10"]
transform = Transform3D(0.8192221, 0, -0.5734763, 0, 1, 0, 0.5734763, 0, 0.8192221, -33.200806, -24.857904, -124.49768)
size = Vector3(50.39406, 590.3954, 400.63855)

[node name="BackgroundBuildingsSection17" type="CSGCombiner3D" parent="SubViewportContainer/SubViewport/Purple/BackgroundBuildings"]
transform = Transform3D(0.008709073, 0, 0.9999621, 0, 1, 0, -0.9999621, 0, 0.008709073, -914.4131, 46.42634, 861.2696)

[node name="BackgroundBuilding" type="CSGBox3D" parent="SubViewportContainer/SubViewport/Purple/BackgroundBuildings/BackgroundBuildingsSection17"]
transform = Transform3D(0.88056004, 0, -0.4739345, 0, 1, 0, 0.4739345, 0, 0.88056004, -222.27112, 45.870247, 281.49182)
size = Vector3(44.319763, 620.6128, 105.93994)

[node name="CSGBox3D3" type="CSGBox3D" parent="SubViewportContainer/SubViewport/Purple/BackgroundBuildings/BackgroundBuildingsSection17"]
transform = Transform3D(0.9410226, 0, -0.33834377, 0, 1, 0, 0.33834377, 0, 0.9410226, -222.79791, -29.907127, 193.49438)
size = Vector3(95.050354, 469.05792, 105.93994)

[node name="CSGBox3D4" type="CSGBox3D" parent="SubViewportContainer/SubViewport/Purple/BackgroundBuildings/BackgroundBuildingsSection17"]
transform = Transform3D(0.8842063, 0, -0.4670967, 0, 1, 0, 0.4670967, 0, 0.8842063, -136.85474, 85.63383, 115.3703)
size = Vector3(95.050354, 590.3954, 105.93994)

[node name="CSGBox3D5" type="CSGBox3D" parent="SubViewportContainer/SubViewport/Purple/BackgroundBuildings/BackgroundBuildingsSection17"]
transform = Transform3D(0.8192221, 0, -0.5734763, 0, 1, 0, 0.5734763, 0, 0.8192221, -95.11914, -37.276604, 21.325867)
size = Vector3(69.72061, 487.37152, 139.39197)

[node name="CSGBox3D6" type="CSGBox3D" parent="SubViewportContainer/SubViewport/Purple/BackgroundBuildings/BackgroundBuildingsSection17"]
transform = Transform3D(0.8192221, 0, -0.5734763, 0, 1, 0, 0.5734763, 0, 0.8192221, -43.232788, 52.65827, -21.699585)
size = Vector3(70.08914, 590.3954, 69.62866)

[node name="CSGBox3D7" type="CSGBox3D" parent="SubViewportContainer/SubViewport/Purple/BackgroundBuildings/BackgroundBuildingsSection17"]
transform = Transform3D(0.8192221, 0, -0.5734763, 0, 1, 0, 0.5734763, 0, 0.8192221, 22.394226, 52.65824, -106.845825)
size = Vector3(70.08914, 590.3954, 69.62866)

[node name="CSGBox3D8" type="CSGBox3D" parent="SubViewportContainer/SubViewport/Purple/BackgroundBuildings/BackgroundBuildingsSection17"]
transform = Transform3D(0.8192221, 0, -0.5734763, 0, 1, 0, 0.5734763, 0, 0.8192221, 37.702454, 110.35468, -208.61273)
size = Vector3(70.08914, 590.3954, 69.62866)

[node name="CSGBox3D10" type="CSGBox3D" parent="SubViewportContainer/SubViewport/Purple/BackgroundBuildings/BackgroundBuildingsSection17"]
transform = Transform3D(0.8192221, 0, -0.5734763, 0, 1, 0, 0.5734763, 0, 0.8192221, 105.474945, 110.35468, -281.11353)
size = Vector3(126.67348, 590.3954, 69.62866)

[node name="CSGBox3D9" type="CSGBox3D" parent="SubViewportContainer/SubViewport/Purple/BackgroundBuildings/BackgroundBuildingsSection17"]
transform = Transform3D(0.8192221, 0, -0.5734763, 0, 1, 0, 0.5734763, 0, 0.8192221, -33.200806, -84.58346, -124.49768)
size = Vector3(50.39406, 470.94427, 400.63855)

[node name="BackgroundBuildingsSection18" type="CSGCombiner3D" parent="SubViewportContainer/SubViewport/Purple/BackgroundBuildings"]
transform = Transform3D(0.40413615, 0, -0.91469896, 0, 1, 0, 0.91469896, 0, 0.40413615, -106.88141, -98.521965, 1265.1313)

[node name="BackgroundBuilding" type="CSGBox3D" parent="SubViewportContainer/SubViewport/Purple/BackgroundBuildings/BackgroundBuildingsSection18"]
transform = Transform3D(0.88056004, 0, -0.4739345, 0, 1, 0, 0.4739345, 0, 0.88056004, -222.27112, 45.870247, 281.49182)
size = Vector3(44.319763, 620.6128, 105.93994)

[node name="CSGBox3D3" type="CSGBox3D" parent="SubViewportContainer/SubViewport/Purple/BackgroundBuildings/BackgroundBuildingsSection18"]
transform = Transform3D(0.9410226, 0, -0.33834377, 0, 1, 0, 0.33834377, 0, 0.9410226, -222.79779, 30.761602, 193.49438)
size = Vector3(95.050354, 590.3954, 105.93994)

[node name="CSGBox3D4" type="CSGBox3D" parent="SubViewportContainer/SubViewport/Purple/BackgroundBuildings/BackgroundBuildingsSection18"]
transform = Transform3D(0.8842063, 0, -0.4670967, 0, 1, 0, 0.4670967, 0, 0.8842063, -136.85474, 85.63383, 115.3703)
size = Vector3(95.050354, 590.3954, 105.93994)

[node name="CSGBox3D5" type="CSGBox3D" parent="SubViewportContainer/SubViewport/Purple/BackgroundBuildings/BackgroundBuildingsSection18"]
transform = Transform3D(0.8192221, 0, -0.5734763, 0, 1, 0, 0.5734763, 0, 0.8192221, -95.11914, 14.235327, 21.325867)
size = Vector3(69.72061, 590.3954, 139.39197)

[node name="CSGBox3D6" type="CSGBox3D" parent="SubViewportContainer/SubViewport/Purple/BackgroundBuildings/BackgroundBuildingsSection18"]
transform = Transform3D(0.8192221, 0, -0.5734763, 0, 1, 0, 0.5734763, 0, 0.8192221, -43.232788, 52.65827, -21.699585)
size = Vector3(70.08914, 590.3954, 69.62866)

[node name="CSGBox3D7" type="CSGBox3D" parent="SubViewportContainer/SubViewport/Purple/BackgroundBuildings/BackgroundBuildingsSection18"]
transform = Transform3D(0.8192221, 0, -0.5734763, 0, 1, 0, 0.5734763, 0, 0.8192221, 22.394226, 52.65824, -106.845825)
size = Vector3(70.08914, 590.3954, 69.62866)

[node name="CSGBox3D8" type="CSGBox3D" parent="SubViewportContainer/SubViewport/Purple/BackgroundBuildings/BackgroundBuildingsSection18"]
transform = Transform3D(0.8192221, 0, -0.5734763, 0, 1, 0, 0.5734763, 0, 0.8192221, 37.702454, 110.35468, -208.61273)
size = Vector3(70.08914, 590.3954, 69.62866)

[node name="CSGBox3D10" type="CSGBox3D" parent="SubViewportContainer/SubViewport/Purple/BackgroundBuildings/BackgroundBuildingsSection18"]
transform = Transform3D(0.8192221, 0, -0.5734763, 0, 1, 0, 0.5734763, 0, 0.8192221, 126.553955, 210.08792, -264.21997)
size = Vector3(72.76057, 789.8619, 66.12634)

[node name="CSGBox3D9" type="CSGBox3D" parent="SubViewportContainer/SubViewport/Purple/BackgroundBuildings/BackgroundBuildingsSection18"]
transform = Transform3D(0.8192221, 0, -0.5734763, 0, 1, 0, 0.5734763, 0, 0.8192221, -33.200806, -24.857904, -124.49768)
size = Vector3(50.39406, 590.3954, 400.63855)

[node name="BackgroundBuildingsSection11" parent="SubViewportContainer/SubViewport/Purple/BackgroundBuildings" instance=ExtResource("7_bvrsq")]
transform = Transform3D(-0.4218747, 0, 0.9066543, 0, 1, 0, -0.9066543, 0, -0.4218747, 147.26245, -190.34967, 887.57104)

[node name="BackgroundBuildingsSection12" type="CSGCombiner3D" parent="SubViewportContainer/SubViewport/Purple/BackgroundBuildings"]
transform = Transform3D(-0.5293567, 0, 0.8483994, 0, 1, 0, -0.8483994, 0, -0.5293567, 797.10406, -140.42038, 990.92334)

[node name="BackgroundBuilding" type="CSGBox3D" parent="SubViewportContainer/SubViewport/Purple/BackgroundBuildings/BackgroundBuildingsSection12"]
transform = Transform3D(0.88056004, 0, -0.4739345, 0, 1, 0, 0.4739345, 0, 0.88056004, -222.27112, 45.870247, 281.49182)
size = Vector3(44.319763, 620.6128, 105.93994)

[node name="CSGBox3D3" type="CSGBox3D" parent="SubViewportContainer/SubViewport/Purple/BackgroundBuildings/BackgroundBuildingsSection12"]
transform = Transform3D(0.9410226, 0, -0.33834377, 0, 1, 0, 0.33834377, 0, 0.9410226, -222.79779, 30.761602, 193.49438)
size = Vector3(95.050354, 590.3954, 105.93994)

[node name="CSGBox3D4" type="CSGBox3D" parent="SubViewportContainer/SubViewport/Purple/BackgroundBuildings/BackgroundBuildingsSection12"]
transform = Transform3D(0.8842063, 0, -0.4670967, 0, 1, 0, 0.4670967, 0, 0.8842063, -136.85474, 85.63383, 115.3703)
size = Vector3(95.050354, 590.3954, 105.93994)

[node name="CSGBox3D5" type="CSGBox3D" parent="SubViewportContainer/SubViewport/Purple/BackgroundBuildings/BackgroundBuildingsSection12"]
transform = Transform3D(0.8192221, 0, -0.5734763, 0, 1, 0, 0.5734763, 0, 0.8192221, -95.11914, 14.235327, 21.325867)
size = Vector3(69.72061, 590.3954, 139.39197)

[node name="CSGBox3D6" type="CSGBox3D" parent="SubViewportContainer/SubViewport/Purple/BackgroundBuildings/BackgroundBuildingsSection12"]
transform = Transform3D(0.8192221, 0, -0.5734763, 0, 1, 0, 0.5734763, 0, 0.8192221, -43.232788, 52.65827, -21.699585)
size = Vector3(70.08914, 590.3954, 69.62866)

[node name="CSGBox3D7" type="CSGBox3D" parent="SubViewportContainer/SubViewport/Purple/BackgroundBuildings/BackgroundBuildingsSection12"]
transform = Transform3D(0.8192221, 0, -0.5734763, 0, 1, 0, 0.5734763, 0, 0.8192221, 22.394226, 52.65824, -106.845825)
size = Vector3(70.08914, 590.3954, 69.62866)

[node name="CSGBox3D8" type="CSGBox3D" parent="SubViewportContainer/SubViewport/Purple/BackgroundBuildings/BackgroundBuildingsSection12"]
transform = Transform3D(0.8192221, 0, -0.5734763, 0, 1, 0, 0.5734763, 0, 0.8192221, 37.702454, 110.35468, -208.61273)
size = Vector3(70.08914, 590.3954, 69.62866)

[node name="CSGBox3D10" type="CSGBox3D" parent="SubViewportContainer/SubViewport/Purple/BackgroundBuildings/BackgroundBuildingsSection12"]
transform = Transform3D(0.8192221, 0, -0.5734763, 0, 1, 0, 0.5734763, 0, 0.8192221, 105.474945, 110.35468, -281.11353)
size = Vector3(126.67348, 590.3954, 69.62866)

[node name="CSGBox3D9" type="CSGBox3D" parent="SubViewportContainer/SubViewport/Purple/BackgroundBuildings/BackgroundBuildingsSection12"]
transform = Transform3D(0.8192221, 0, -0.5734763, 0, 1, 0, 0.5734763, 0, 0.8192221, -33.200806, -24.857904, -124.49768)
size = Vector3(50.39406, 590.3954, 400.63855)

[node name="BackgroundBuildingsSection13" type="CSGCombiner3D" parent="SubViewportContainer/SubViewport/Purple/BackgroundBuildings"]
transform = Transform3D(-0.9999792, 0, 0.006457716, 0, 1, 0, -0.006457716, 0, -0.9999792, 1203.9045, -13.229685, 990.92334)

[node name="BackgroundBuilding" type="CSGBox3D" parent="SubViewportContainer/SubViewport/Purple/BackgroundBuildings/BackgroundBuildingsSection13"]
transform = Transform3D(0.88056004, 0, -0.4739345, 0, 1, 0, 0.4739345, 0, 0.88056004, -222.27112, 45.870247, 281.49182)
size = Vector3(44.319763, 620.6128, 105.93994)

[node name="CSGBox3D3" type="CSGBox3D" parent="SubViewportContainer/SubViewport/Purple/BackgroundBuildings/BackgroundBuildingsSection13"]
transform = Transform3D(0.9410226, 0, -0.33834377, 0, 1, 0, 0.33834377, 0, 0.9410226, -222.79779, 30.761602, 193.49438)
size = Vector3(95.050354, 590.3954, 105.93994)

[node name="CSGBox3D4" type="CSGBox3D" parent="SubViewportContainer/SubViewport/Purple/BackgroundBuildings/BackgroundBuildingsSection13"]
transform = Transform3D(0.8842063, 0, -0.4670967, 0, 1, 0, 0.4670967, 0, 0.8842063, -136.85474, 85.63383, 115.3703)
size = Vector3(95.050354, 590.3954, 105.93994)

[node name="CSGBox3D5" type="CSGBox3D" parent="SubViewportContainer/SubViewport/Purple/BackgroundBuildings/BackgroundBuildingsSection13"]
transform = Transform3D(0.8192221, 0, -0.5734763, 0, 1, 0, 0.5734763, 0, 0.8192221, -95.11914, 14.235327, 21.325867)
size = Vector3(69.72061, 590.3954, 139.39197)

[node name="CSGBox3D6" type="CSGBox3D" parent="SubViewportContainer/SubViewport/Purple/BackgroundBuildings/BackgroundBuildingsSection13"]
transform = Transform3D(0.8192221, 0, -0.5734763, 0, 1, 0, 0.5734763, 0, 0.8192221, -43.232788, 52.65827, -21.699585)
size = Vector3(70.08914, 590.3954, 69.62866)

[node name="CSGBox3D7" type="CSGBox3D" parent="SubViewportContainer/SubViewport/Purple/BackgroundBuildings/BackgroundBuildingsSection13"]
transform = Transform3D(0.8192221, 0, -0.5734763, 0, 1, 0, 0.5734763, 0, 0.8192221, 22.394226, 52.65824, -106.845825)
size = Vector3(70.08914, 590.3954, 69.62866)

[node name="CSGBox3D8" type="CSGBox3D" parent="SubViewportContainer/SubViewport/Purple/BackgroundBuildings/BackgroundBuildingsSection13"]
transform = Transform3D(0.8192221, 0, -0.5734763, 0, 1, 0, 0.5734763, 0, 0.8192221, 37.702454, 110.35468, -208.61273)
size = Vector3(70.08914, 590.3954, 69.62866)

[node name="CSGBox3D10" type="CSGBox3D" parent="SubViewportContainer/SubViewport/Purple/BackgroundBuildings/BackgroundBuildingsSection13"]
transform = Transform3D(0.8192221, 0, -0.5734763, 0, 1, 0, 0.5734763, 0, 0.8192221, 105.474945, 110.35468, -281.11353)
size = Vector3(126.67348, 590.3954, 69.62866)

[node name="CSGBox3D9" type="CSGBox3D" parent="SubViewportContainer/SubViewport/Purple/BackgroundBuildings/BackgroundBuildingsSection13"]
transform = Transform3D(0.8192221, 0, -0.5734763, 0, 1, 0, 0.5734763, 0, 0.8192221, -33.200806, -24.857904, -124.49768)
size = Vector3(50.39406, 590.3954, 400.63855)

[node name="BackgroundBuildingsSection14" type="CSGCombiner3D" parent="SubViewportContainer/SubViewport/Purple/BackgroundBuildings"]
transform = Transform3D(-0.9999792, 0, 0.006457716, 0, 1, 0, -0.006457716, 0, -0.9999792, 1393.9348, -177.60182, 532.0065)

[node name="BackgroundBuilding" type="CSGBox3D" parent="SubViewportContainer/SubViewport/Purple/BackgroundBuildings/BackgroundBuildingsSection14"]
transform = Transform3D(0.88056004, 0, -0.4739345, 0, 1, 0, 0.4739345, 0, 0.88056004, -222.27112, 45.870247, 281.49182)
size = Vector3(44.319763, 620.6128, 105.93994)

[node name="CSGBox3D3" type="CSGBox3D" parent="SubViewportContainer/SubViewport/Purple/BackgroundBuildings/BackgroundBuildingsSection14"]
transform = Transform3D(0.9410226, 0, -0.33834377, 0, 1, 0, 0.33834377, 0, 0.9410226, -222.79779, 30.761602, 193.49438)
size = Vector3(95.050354, 590.3954, 105.93994)

[node name="CSGBox3D4" type="CSGBox3D" parent="SubViewportContainer/SubViewport/Purple/BackgroundBuildings/BackgroundBuildingsSection14"]
transform = Transform3D(0.8842063, 0, -0.4670967, 0, 1, 0, 0.4670967, 0, 0.8842063, -136.85474, 85.63383, 115.3703)
size = Vector3(95.050354, 590.3954, 105.93994)

[node name="CSGBox3D5" type="CSGBox3D" parent="SubViewportContainer/SubViewport/Purple/BackgroundBuildings/BackgroundBuildingsSection14"]
transform = Transform3D(0.8192221, 0, -0.5734763, 0, 1, 0, 0.5734763, 0, 0.8192221, -95.11914, 14.235327, 21.325867)
size = Vector3(69.72061, 590.3954, 139.39197)

[node name="CSGBox3D6" type="CSGBox3D" parent="SubViewportContainer/SubViewport/Purple/BackgroundBuildings/BackgroundBuildingsSection14"]
transform = Transform3D(0.8192221, 0, -0.5734763, 0, 1, 0, 0.5734763, 0, 0.8192221, -43.232788, 52.65827, -21.699585)
size = Vector3(70.08914, 590.3954, 69.62866)

[node name="CSGBox3D7" type="CSGBox3D" parent="SubViewportContainer/SubViewport/Purple/BackgroundBuildings/BackgroundBuildingsSection14"]
transform = Transform3D(0.8192221, 0, -0.5734763, 0, 1, 0, 0.5734763, 0, 0.8192221, 22.394226, 52.65824, -106.845825)
size = Vector3(70.08914, 590.3954, 69.62866)

[node name="CSGBox3D8" type="CSGBox3D" parent="SubViewportContainer/SubViewport/Purple/BackgroundBuildings/BackgroundBuildingsSection14"]
transform = Transform3D(0.8192221, 0, -0.5734763, 0, 1, 0, 0.5734763, 0, 0.8192221, 37.702454, 110.35468, -208.61273)
