[gd_scene load_steps=18 format=3 uid="uid://cnw1mp8wm61d8"]

[ext_resource type="PackedScene" uid="uid://cqy3aqhl2lfin" path="res://common/player/player.tscn" id="1_upjnr"]
[ext_resource type="Material" uid="uid://okfa87bw25y2" path="res://assets/materials/pixel_outline_shaded.tres" id="2_i072v"]
[ext_resource type="Material" uid="uid://cur4755sgvdst" path="res://content/levels/level_1/level_1_material.tres" id="3_tmc8m"]
[ext_resource type="Material" uid="uid://dkvprr5875ops" path="res://assets/materials/simple_texture_white.tres" id="4_ir7bu"]
[ext_resource type="Script" uid="uid://c36tfsjwmrmkd" path="res://content/mechanics/waypoints/waypoint_manager.gd" id="4_o8oj4"]
[ext_resource type="PackedScene" uid="uid://b63sl0wkb023f" path="res://content/mechanics/waypoints/waypoint.tscn" id="5_66bej"]
[ext_resource type="AudioStream" uid="uid://cb4ehryvlruvp" path="res://assets/audio/effects/pickup_glass_reverb.wav" id="5_xifa1"]
[ext_resource type="PackedScene" uid="uid://dd63crmer3x42" path="res://content/levels/level_1/pillars_a.tscn" id="6_i072v"]
[ext_resource type="PackedScene" uid="uid://hbsyf0iqmr7d" path="res://content/levels/level_1/columnal.tscn" id="6_p3k6f"]
[ext_resource type="PackedScene" uid="uid://bkrroji64u325" path="res://content/levels/level_ui.tscn" id="7_epuq2"]
[ext_resource type="Script" uid="uid://bll6nv22ptsix" path="res://common/music_on_ready_requester.gd" id="9_tmc8m"]
[ext_resource type="PackedScene" uid="uid://ciaoriyla4r6t" path="res://content/levels/level_1/leveldata_1.tscn" id="12_o8oj4"]

[sub_resource type="ProceduralSkyMaterial" id="ProceduralSkyMaterial_upjnr"]
sky_top_color = Color(0.98409206, 0.98714155, 0.9912482, 1)
sky_horizon_color = Color(0.92941177, 0.43137255, 0.39607844, 1)
ground_bottom_color = Color(0.85679436, 0.24716932, 0.305727, 1)
ground_horizon_color = Color(0.7783055, 0.38932878, 0.3509006, 1)

[sub_resource type="Sky" id="Sky_upjnr"]
sky_material = SubResource("ProceduralSkyMaterial_upjnr")

[sub_resource type="Environment" id="Environment_upjnr"]
background_mode = 2
sky = SubResource("Sky_upjnr")

[sub_resource type="CameraAttributesPractical" id="CameraAttributesPractical_8uhj0"]

[sub_resource type="Compositor" id="Compositor_jy6mt"]

[node name="Level1" type="Node3D"]

[node name="MusicOnReadyRequester" type="Node" parent="."]
script = ExtResource("9_tmc8m")
theme_name = "level_1"
metadata/_custom_type_script = "uid://bll6nv22ptsix"

[node name="SubViewportContainer" type="SubViewportContainer" parent="."]
texture_filter = 1
anchors_preset = 15
anchor_right = 1.0
anchor_bottom = 1.0
grow_horizontal = 2
grow_vertical = 2
size_flags_horizontal = 3
size_flags_vertical = 3
stretch = true

[node name="SubViewport" type="SubViewport" parent="SubViewportContainer"]
handle_input_locally = false
canvas_cull_mask = 4294966272
oversampling = false
size = Vector2i(1920, 1080)
render_target_update_mode = 4

[node name="DirectionalLight3D" type="DirectionalLight3D" parent="SubViewportContainer/SubViewport"]
transform = Transform3D(0.9931082, -0.11659325, 0.011919821, 0.018989842, 0.26043722, 0.965304, -0.115652286, -0.95842505, 0.26085642, 0, 423.78992, 0)
light_angular_distance = 0.3
light_specular = 4.629
shadow_enabled = true
shadow_blur = 2.237
directional_shadow_split_1 = 0.135
directional_shadow_blend_splits = true
directional_shadow_max_distance = 3000.0
directional_shadow_pancake_size = 23.1

[node name="player" parent="SubViewportContainer/SubViewport" instance=ExtResource("1_upjnr")]
transform = Transform3D(0.48366424, 0, 0.8752537, 0, 1, 0, -0.8752537, 0, 0.48366424, 0, 10.503412, 0)
collision_mask = 1

[node name="Red" type="CSGCombiner3D" parent="SubViewportContainer/SubViewport"]
material_override = ExtResource("3_tmc8m")
material_overlay = ExtResource("2_i072v")
use_collision = true

[node name="CSGBox3D" type="CSGBox3D" parent="SubViewportContainer/SubViewport/Red"]
transform = Transform3D(-0.3806347, 0, 0.9247255, 0, 1, 0, -0.9247255, 0, -0.3806347, -330.9062, 0, -306.92752)
size = Vector3(2430.7036, 1, 2510.6272)

[node name="CSGBox3D13" type="CSGBox3D" parent="SubViewportContainer/SubViewport/Red"]
transform = Transform3D(-0.8432148, -0.16175883, 0.51266235, -0.13821773, 0.9868303, 0.08403437, -0.5195041, 0, -0.8544679, 424.67905, 4.050867, -272.80548)
size = Vector3(1363.0168, 1, 1414.2761)

[node name="CSGBox3D14" type="CSGBox3D" parent="SubViewportContainer/SubViewport/Red"]
transform = Transform3D(-0.75795674, -0.46167123, 0.46082672, -0.39448336, 0.8870511, 0.23984006, -0.51950413, 3.952386e-08, -0.8544679, 720.8598, -151.63902, -789.53424)
size = Vector3(1566.7412, 1, 2076.186)

[node name="CSGBox3D15" type="CSGBox3D" parent="SubViewportContainer/SubViewport/Red"]
transform = Transform3D(0.40602413, 0.34740967, -0.84525204, -0.3857839, 0.90362716, 0.18608789, 0.8284412, 0.25052845, 0.5009196, -926.9641, -268.5908, -692.23474)
size = Vector3(2305.2007, 1, 2076.186)

[node name="CSGBox3D16" type="CSGBox3D" parent="SubViewportContainer/SubViewport/Red"]
transform = Transform3D(0.8015848, 0.36969012, -0.46988404, -0.33625147, 0.9285979, 0.15697348, 0.49436474, 0.032171544, 0.86865896, -926.9641, -318.07166, -692.23474)
size = Vector3(2305.2007, 1, 2076.186)

[node name="Geometry" type="CSGCombiner3D" parent="SubViewportContainer/SubViewport"]
material_override = ExtResource("4_ir7bu")
material_overlay = ExtResource("2_i072v")
use_collision = true

[node name="BasePlatform" type="CSGCombiner3D" parent="SubViewportContainer/SubViewport/Geometry"]

[node name="CSGBox3D4" type="CSGBox3D" parent="SubViewportContainer/SubViewport/Geometry/BasePlatform"]
transform = Transform3D(-0.40014106, 0, 0.91645354, 0, 1, 0, -0.91645354, 0, -0.40014106, 32.002106, -0.96126366, -81.0372)
size = Vector3(41.571377, 9.74353, 33.51523)

[node name="CSGBox3D5" type="CSGBox3D" parent="SubViewportContainer/SubViewport/Geometry/BasePlatform"]
transform = Transform3D(-0.40014106, 0, 0.91645354, 0, 1, 0, -0.91645354, 0, -0.40014106, 74.51462, -0.68933105, -57.94767)
size = Vector3(198.58945, 15.754395, 30.021042)

[node name="CSGBox3D6" type="CSGBox3D" parent="SubViewportContainer/SubViewport/Geometry/BasePlatform"]
transform = Transform3D(0.9412999, 0, 0.33757174, 0, 1, 0, -0.33757174, 0, 0.9412999, 261.73145, -0.6893234, -31.982864)
size = Vector3(198.58945, 15.754395, 30.021042)

[node name="CSGBox3D7" type="CSGBox3D" parent="SubViewportContainer/SubViewport/Geometry/BasePlatform"]
transform = Transform3D(0.9412999, 0, 0.33757174, 0, 1, 0, -0.33757174, 0, 0.9412999, 273.01245, 7.1003876, -36.02848)
size = Vector3(174.62051, 15.754395, 30.021042)

[node name="CSGBox3D8" type="CSGBox3D" parent="SubViewportContainer/SubViewport/Geometry/BasePlatform"]
transform = Transform3D(0.9412999, 0, 0.33757174, 0, 1, 0, -0.33757174, 0, 0.9412999, 288.83163, 15.486284, -41.70161)
size = Vector3(141.00912, 15.754395, 30.021042)

[node name="CSGBox3D9" type="CSGBox3D" parent="SubViewportContainer/SubViewport/Geometry/BasePlatform"]
transform = Transform3D(0.9412999, 0, 0.33757174, 0, 1, 0, -0.33757174, 0, 0.9412999, 284.22314, 8.177456, -66.10668)
size = Vector3(198.58945, 30.694092, 30.021042)

[node name="CSGBox3D12" type="CSGBox3D" parent="SubViewportContainer/SubViewport/Geometry/BasePlatform"]
transform = Transform3D(0.015303632, 0.96548665, 0.26000252, -0.99962795, 0.020646391, -0.017830102, -0.022582855, -0.2596329, 0.9654433, 319.30484, 279.36606, -94.08539)
size = Vector3(660.4435, 15.776733, 12.932995)

[node name="CSGBox3D10" type="CSGBox3D" parent="SubViewportContainer/SubViewport/Geometry/BasePlatform"]
transform = Transform3D(0.9412999, 0, 0.33757174, 0, 1, 0, -0.33757174, 0, 0.9412999, 295.50415, 23.437016, -70.1523)
size = Vector3(174.62051, 15.754395, 30.021042)

[node name="CSGBox3D11" type="CSGBox3D" parent="SubViewportContainer/SubViewport/Geometry/BasePlatform"]
transform = Transform3D(0.9412999, 0, 0.33757174, 0, 1, 0, -0.33757174, 0, 0.9412999, 311.32333, 31.822912, -75.82543)
size = Vector3(141.00912, 15.754395, 30.021042)

[node name="CSGBox3D2" type="CSGBox3D" parent="SubViewportContainer/SubViewport/Geometry/BasePlatform"]
transform = Transform3D(-0.40014106, 0, 0.91645354, 0, 1, 0, -0.91645354, 0, -0.40014106, 71.79497, 3.9038696, 41.460396)
size = Vector3(40.606934, 8.807739, 17.23877)

[node name="CSGBox3D3" type="CSGBox3D" parent="SubViewportContainer/SubViewport/Geometry/BasePlatform"]
transform = Transform3D(-0.40014106, 0, 0.91645354, 0, 1, 0, -0.91645354, 0, -0.40014106, 94.57913, 7.911957, 47.548927)
size = Vector3(40.606934, 16.823914, 34.182495)

[node name="Tower2" type="CSGCombiner3D" parent="SubViewportContainer/SubViewport/Geometry"]

[node name="CSGBox3D" type="CSGBox3D" parent="SubViewportContainer/SubViewport/Geometry/Tower2"]
transform = Transform3D(-0.3806347, 0, 0.9247255, 0, 1, 0, -0.9247255, 0, -0.3806347, 402.5507, 99.708145, -242.20541)
size = Vector3(144.76874, 1, 80.793045)

[node name="CSGBox3D9" type="CSGBox3D" parent="SubViewportContainer/SubViewport/Geometry/Tower2"]
transform = Transform3D(-0.3806347, 0, 0.9247255, 0, 1, 0, -0.9247255, 0, -0.3806347, 402.5507, 148.55765, -242.20541)
size = Vector3(144.76874, 1, 80.793045)

[node name="CSGBox3D4" type="CSGBox3D" parent="SubViewportContainer/SubViewport/Geometry/Tower2"]
transform = Transform3D(-0.40014106, 0, 0.91645354, 0, 1, 0, -0.91645354, 0, -0.40014106, 414.0464, 102.48475, -239.54613)
size = Vector3(41.571377, 9.74353, 91.0071)

[node name="CSGBox3D5" type="CSGBox3D" parent="SubViewportContainer/SubViewport/Geometry/Tower2"]
transform = Transform3D(-0.40014106, 0, 0.91645354, 0, 1, 0, -0.91645354, 0, -0.40014106, 400.69324, 157.17874, -221.40051)
size = Vector3(94.1989, 390.97455, 25.026634)

[node name="CSGBox3D10" type="CSGBox3D" parent="SubViewportContainer/SubViewport/Geometry/Tower2"]
transform = Transform3D(-0.40014106, 0, 0.91645354, 0, 1, 0, -0.91645354, 0, -0.40014106, 400.69324, 400.66077, -221.40051)
size = Vector3(94.1989, 75.467255, 25.026634)

[node name="CSGBox3D11" type="CSGBox3D" parent="SubViewportContainer/SubViewport/Geometry/Tower2"]
transform = Transform3D(-0.40014106, 0, 0.91645354, 0, 1, 0, -0.91645354, 0, -0.40014106, 400.69324, 1434.3862, -221.40051)
size = Vector3(94.1989, 1972.5044, 25.026634)

[node name="CSGBox3D2" type="CSGBox3D" parent="SubViewportContainer/SubViewport/Geometry/Tower2"]
transform = Transform3D(-0.40014106, 0, 0.91645354, 0, 1, 0, -0.91645354, 0, -0.40014106, 403.85883, 114.70677, -201.23917)
size = Vector3(104.937744, 2.00531, 70.6239)

[node name="CSGBox3D6" type="CSGBox3D" parent="SubViewportContainer/SubViewport/Geometry/Tower2"]
transform = Transform3D(-0.40014106, 0, 0.91645354, 0, 1, 0, -0.91645354, 0, -0.40014106, 402.44888, 123.00633, -227.46675)
size = Vector3(190.47601, 2.00531, 61.539978)

[node name="CSGBox3D7" type="CSGBox3D" parent="SubViewportContainer/SubViewport/Geometry/Tower2"]
transform = Transform3D(-0.40014106, 0, 0.91645354, 0, 1, 0, -0.91645354, 0, -0.40014106, 431.2909, 132.67877, -192.72113)
size = Vector3(194.35535, 2.00531, 116.933464)

[node name="CSGBox3D8" type="CSGBox3D" parent="SubViewportContainer/SubViewport/Geometry/Tower2"]
transform = Transform3D(-0.08164278, 0, 0.9966617, 0, 1, 0, -0.9966617, 0, -0.08164278, 391.57388, 140.08319, -241.21902)
size = Vector3(194.35535, 2.00531, 61.539978)

[node name="CSGBox3D3" type="CSGBox3D" parent="SubViewportContainer/SubViewport/Geometry/Tower2"]
transform = Transform3D(-0.40014106, 0, 0.91645354, 0, 1, 0, -0.91645354, 0, -0.40014106, 366.83878, 124.186325, -210.44241)
size = Vector3(40.606934, 18.37436, 2.8783875)

[node name="FreeFloaters1" type="CSGCombiner3D" parent="SubViewportContainer/SubViewport/Geometry"]

[node name="CSGBox3D6" type="CSGBox3D" parent="SubViewportContainer/SubViewport/Geometry/FreeFloaters1"]
transform = Transform3D(-0.40014106, 0, 0.91645354, 0, 1, 0, -0.91645354, 0, -0.40014106, -14.686153, -0.045410156, -202.70418)
size = Vector3(40.606934, 16.823914, 34.182495)

[node name="CSGBox3D8" type="CSGBox3D" parent="SubViewportContainer/SubViewport/Geometry/FreeFloaters1"]
transform = Transform3D(-0.40014106, 0, 0.91645354, 0, 1, 0, -0.91645354, 0, -0.40014106, -0.039325714, -0.045410156, -368.7016)
size = Vector3(40.606934, 16.823914, 34.182495)

[node name="CSGBox3D7" type="CSGBox3D" parent="SubViewportContainer/SubViewport/Geometry/FreeFloaters1"]
transform = Transform3D(-0.74000686, 0, 0.6725993, 0, 1, 0, -0.6725993, 0, -0.74000686, -45.97887, -1.1711655, -274.37463)
size = Vector3(29.498901, 4.8821716, 34.182495)

[node name="CSGBox3D9" type="CSGBox3D" parent="SubViewportContainer/SubViewport/Geometry/FreeFloaters1"]
transform = Transform3D(1, 0, 0, 0, 1, 0, 0, 0, 1, 49.70249, 2.2797241, -401.79233)
size = Vector3(108.90869, 5.5594482, 28.125366)

[node name="CSGBox3D10" type="CSGBox3D" parent="SubViewportContainer/SubViewport/Geometry/FreeFloaters1"]
transform = Transform3D(0.8940162, -0.39901516, -0.20376915, 0.319395, 0.8865463, -0.3346977, 0.3142002, 0.23414229, 0.9200302, 131.48036, 14.732286, -397.3225)
size = Vector3(83.52063, 3.5844116, 28.125366)

[node name="TwinBlocks" type="CSGCombiner3D" parent="SubViewportContainer/SubViewport/Geometry"]

[node name="CSGBox3D11" type="CSGBox3D" parent="SubViewportContainer/SubViewport/Geometry/TwinBlocks"]
transform = Transform3D(1, 0, 0, 0, 1, 0, 0, 0, 1, 213.03503, 14.81105, -374.10883)
size = Vector3(26.514404, 5.5594482, 28.125366)

[node name="CSGBox3D13" type="CSGBox3D" parent="SubViewportContainer/SubViewport/Geometry/TwinBlocks"]
transform = Transform3D(0.90034914, -0.43516827, 0, 0.43516827, 0.90034914, 0, 0, 0, 1, 246.79263, 21.684666, -374.10883)
size = Vector3(26.514404, 5.5594482, 28.125366)

[node name="CSGBox3D14" type="CSGBox3D" parent="SubViewportContainer/SubViewport/Geometry/TwinBlocks"]
transform = Transform3D(1, 0, 0, 0, 1, 0, 0, 0, 1, 283.0679, 27.731937, -374.10883)
size = Vector3(26.514404, 5.5594482, 28.125366)

[node name="CSGBox3D16" type="CSGBox3D" parent="SubViewportContainer/SubViewport/Geometry/TwinBlocks"]
transform = Transform3D(0.99409425, -0.108519875, 0, 0.108519875, 0.99409425, 0, 0, 0, 1, 410.37366, 1.5856066, -371.25183)
size = Vector3(102.96515, 5.5594482, 127.9789)

[node name="CSGBox3D17" type="CSGBox3D" parent="SubViewportContainer/SubViewport/Geometry/TwinBlocks"]
transform = Transform3D(0.9037839, 0.427989, 0, -0.42579573, 0.8991524, 0.10110839, 0.043273278, -0.091380134, 0.99487543, 286.05026, 54.847126, -329.52475)
size = Vector3(279.86856, 5.5594482, 32.558754)

[node name="CSGBox3D24" type="CSGBox3D" parent="SubViewportContainer/SubViewport/Geometry/TwinBlocks"]
transform = Transform3D(0.9037839, 0.427989, 0, -0.42579573, 0.8991524, 0.10110839, 0.043273278, -0.091380134, 0.99487543, 176.52866, 97.585014, -375.7435)
size = Vector3(86.665886, 14.004822, 88.453926)

[node name="CSGBox3D25" type="CSGBox3D" parent="SubViewportContainer/SubViewport/Geometry/TwinBlocks"]
transform = Transform3D(0.9037839, 0.427989, 0, -0.42579573, 0.8991524, 0.10110839, 0.043273278, -0.091380134, 0.99487543, 270.74603, 68.50658, -413.1251)
size = Vector3(342.42093, 28.67519, 8.082537)

[node name="CSGBox3D19" type="CSGBox3D" parent="SubViewportContainer/SubViewport/Geometry/TwinBlocks"]
transform = Transform3D(0.77251685, 0.53836465, -0.3367213, 0.5023846, -0.19386251, 0.842631, 0.38836512, -0.82011014, -0.42022827, 323.511, 28.105532, -445.88727)
size = Vector3(222.89075, 5.5594482, 14.263752)

[node name="CSGBox3D15" type="CSGBox3D" parent="SubViewportContainer/SubViewport/Geometry/TwinBlocks"]
transform = Transform3D(1, 0, 0, 0, 0.8525125, -0.52270687, 0, 0.52270687, 0.8525125, 323.48096, 39.21922, -383.9752)
size = Vector3(34.492676, 5.5594482, 244.61545)

[node name="CSGBox3D12" type="CSGBox3D" parent="SubViewportContainer/SubViewport/Geometry/TwinBlocks"]
transform = Transform3D(1, 0, 0, 0, 1, 0, 0, 0, 1, 309.11804, 28.787922, -397.84763)
size = Vector3(256.1313, 135.89316, 28.125366)

[node name="CSGBox3D21" type="CSGBox3D" parent="SubViewportContainer/SubViewport/Geometry/TwinBlocks"]
transform = Transform3D(1, 0, 0, 0, 1, 0, 0, 0, 1, 309.11804, 206.18349, -397.84763)
size = Vector3(256.1313, 135.89316, 28.125366)

[node name="CSGBox3D26" type="CSGBox3D" parent="SubViewportContainer/SubViewport/Geometry/TwinBlocks"]
transform = Transform3D(1, 0, 0, 0, 1, 0, 0, 0, 1, 309.11804, 351.2246, -397.84763)
size = Vector3(256.1313, 102.169525, 28.125366)

[node name="CSGBox3D27" type="CSGBox3D" parent="SubViewportContainer/SubViewport/Geometry/TwinBlocks"]
transform = Transform3D(1, 0, 0, 0, 1, 0, 0, 0, 1, 309.11804, 638.62286, -397.84763)
size = Vector3(256.1313, 450.62906, 28.125366)

[node name="CSGBox3D18" type="CSGBox3D" parent="SubViewportContainer/SubViewport/Geometry/TwinBlocks"]
transform = Transform3D(1, 0, 0, 0, 1, 0, 0, 0, 1, 309.11804, 28.787922, -347.16757)
size = Vector3(256.1313, 135.89316, 28.125366)

[node name="CSGBox3D22" type="CSGBox3D" parent="SubViewportContainer/SubViewport/Geometry/TwinBlocks"]
transform = Transform3D(0.90022, 0, -0.43543535, 0, 1, 0, 0.43543535, 0, 0.90022, 380.94922, 148.17624, -370.67227)
size = Vector3(104.03167, 110.59697, 12.446747)

[node name="CSGBox3D23" type="CSGBox3D" parent="SubViewportContainer/SubViewport/Geometry/TwinBlocks"]
transform = Transform3D(0.90022, 0, -0.43543535, 0, 1, 0, 0.43543535, 0, 0.90022, 218.76877, 148.17624, -370.67227)
size = Vector3(104.03167, 110.59697, 12.446747)

[node name="CSGBox3D20" type="CSGBox3D" parent="SubViewportContainer/SubViewport/Geometry/TwinBlocks"]
transform = Transform3D(1, 0, 0, 0, 1, 0, 0, 0, 1, 309.11804, 157.12254, -347.16757)
size = Vector3(256.1313, 71.62197, 28.125366)

[node name="Abstract Towers" type="CSGCombiner3D" parent="SubViewportContainer/SubViewport/Geometry"]

[node name="CSGBox3D2" type="CSGBox3D" parent="SubViewportContainer/SubViewport/Geometry/Abstract Towers"]
transform = Transform3D(1, 0, 0, 0, 1, 0, 0, 0, 1, 128.83032, 25.06747, -152.73476)
size = Vector3(6.4643555, 56.094185, 4.9991455)

[node name="CSGBox3D3" type="CSGBox3D" parent="SubViewportContainer/SubViewport/Geometry/Abstract Towers"]
transform = Transform3D(1, 0, 0, 0, 1, 0, 0, 0, 1, 112.255035, 15.495111, -166.20868)
size = Vector3(6.4643555, 32.886936, 9.287659)

[node name="CSGBox3D4" type="CSGBox3D" parent="SubViewportContainer/SubViewport/Geometry/Abstract Towers"]
transform = Transform3D(1, 0, 0, 0, 1, 0, 0, 0, 1, 118.30265, 7.0597544, -155.78683)
size = Vector3(6.4643555, 16.016222, 9.287659)

[node name="CSGBox3D5" type="CSGBox3D" parent="SubViewportContainer/SubViewport/Geometry/Abstract Towers"]
transform = Transform3D(0.82746285, 0, -0.56152046, 0, 1, 0, 0.56152046, 0, 0.82746285, 152.95816, 237.92986, -130.45235)
size = Vector3(6.4643555, 498.87476, 4.9991455)

[node name="CSGBox3D6" type="CSGBox3D" parent="SubViewportContainer/SubViewport/Geometry/Abstract Towers"]
transform = Transform3D(0.82746285, 0, -0.56152046, 0, 1, 0, 0.56152046, 0, 0.82746285, 121.634224, 16.53957, -150.87622)
size = Vector3(6.4643555, 56.094185, 4.9991455)

[node name="CSGBox3D7" type="CSGBox3D" parent="SubViewportContainer/SubViewport/Geometry/Abstract Towers"]
transform = Transform3D(0.82746285, 0, -0.56152046, 0, 1, 0, 0.56152046, 0, 0.82746285, 115.484665, 6.967211, -171.33276)
size = Vector3(6.4643555, 32.886936, 9.287659)

[node name="CSGBox3D8" type="CSGBox3D" parent="SubViewportContainer/SubViewport/Geometry/Abstract Towers"]
transform = Transform3D(0.82746285, 0, -0.56152046, 0, 1, 0, 0.56152046, 0, 0.82746285, 114.63677, -1.4681492, -159.3132)
size = Vector3(6.4643555, 16.016222, 9.287659)

[node name="CSGBox3D10" type="CSGBox3D" parent="SubViewportContainer/SubViewport/Geometry/Abstract Towers"]
transform = Transform3D(0.82746285, 0, -0.56152046, 0, 1, 0, 0.56152046, 0, 0.82746285, 121.634224, 16.53957, -172.70084)
size = Vector3(6.4643555, 56.094185, 4.9991455)

[node name="CSGBox3D11" type="CSGBox3D" parent="SubViewportContainer/SubViewport/Geometry/Abstract Towers"]
transform = Transform3D(-0.9930992, 0, -0.117277175, 0, 1, 0, 0.117277175, 0, -0.9930992, 118.01782, 3.9334106, -146.38084)
size = Vector3(6.4643555, 32.886936, 9.287659)

[node name="CSGBox3D12" type="CSGBox3D" parent="SubViewportContainer/SubViewport/Geometry/Abstract Towers"]
transform = Transform3D(-0.9930992, 0, -0.117277175, 0, 1, 0, 0.117277175, 0, -0.9930992, 110.78968, -4.5019493, -156.02153)
size = Vector3(6.4643555, 16.016222, 9.287659)

[node name="CSGBox3D20" type="CSGBox3D" parent="SubViewportContainer/SubViewport/Geometry/Abstract Towers"]
transform = Transform3D(-0.7106186, 0.03660144, -0.7026247, 0.046071507, 0.99892324, 0.0054406817, 0.7020674, -0.028504731, -0.71153986, 159.7008, -14.345367, -135.26363)
size = Vector3(6.4643555, 16.016222, 9.287659)

[node name="CSGBox3D21" type="CSGBox3D" parent="SubViewportContainer/SubViewport/Geometry/Abstract Towers"]
transform = Transform3D(-0.30727893, -0.032158025, 0.9510761, 0.03372713, -0.99916905, -0.022887403, 0.9510217, 0.025044251, 0.3081081, 193.07912, 114.96865, -173.82292)
size = Vector3(6.4643555, 56.094185, 4.9991455)

[node name="CSGBox3D22" type="CSGBox3D" parent="SubViewportContainer/SubViewport/Geometry/Abstract Towers"]
transform = Transform3D(-0.30727893, -0.032158025, 0.9510761, 0.03372713, -0.99916905, -0.022887403, 0.9510217, 0.025044251, 0.3081081, 185.66547, 124.28242, -193.97754)
size = Vector3(6.4643555, 32.886936, 9.287659)

[node name="CSGBox3D23" type="CSGBox3D" parent="SubViewportContainer/SubViewport/Geometry/Abstract Towers"]
transform = Transform3D(-0.30727893, -0.032158025, 0.9510761, 0.03372713, -0.99916905, -0.022887403, 0.9510217, 0.025044251, 0.3081081, 193.99039, 132.67621, -185.22632)
size = Vector3(6.4643555, 16.016222, 9.287659)

[node name="CSGBox3D24" type="CSGBox3D" parent="SubViewportContainer/SubViewport/Geometry/Abstract Towers"]
transform = Transform3D(-0.30727893, -0.032158025, 0.9510761, 0.03372713, -0.99916905, -0.022887403, 0.9510217, 0.025044251, 0.3081081, 167.18015, 29.32743, -185.44934)
size = Vector3(6.4643555, 228.31766, 4.9991455)

[node name="CSGBox3D18" type="CSGBox3D" parent="SubViewportContainer/SubViewport/Geometry/Abstract Towers"]
transform = Transform3D(-0.05217991, 0.00036810746, 0.9986378, 0.0055983886, -0.9999842, 0.0006611255, 0.99862206, 0.0056252587, 0.052176997, 152.59688, 139.00058, -125.30793)
size = Vector3(6.4643555, 31.648058, 9.287659)

[node name="CSGBox3D19" type="CSGBox3D" parent="SubViewportContainer/SubViewport/Geometry/Abstract Towers"]
transform = Transform3D(0.9930834, 0.00563729, 0.117275305, 0.005598388, -0.9999841, 0.00066112546, 0.117277175, 0, -0.9930992, 160.7626, 146.57266, -137.61996)
size = Vector3(6.4643555, 12.969537, 9.287659)

[node name="Abstract Towers2" type="CSGCombiner3D" parent="SubViewportContainer/SubViewport/Geometry"]
transform = Transform3D(1, 0, 0, 0, 2, 0, 0, 0, 1, 439.17224, -1.5258789e-05, -63.177765)

[node name="CSGBox3D" type="CSGBox3D" parent="SubViewportContainer/SubViewport/Geometry/Abstract Towers2"]
transform = Transform3D(1, 0, 0, 0, 1, 0, 0, 0, 1, 12.774071, 111.17921, -27.798767)
size = Vector3(6.4643555, 228.31766, 4.9991455)

[node name="CSGBox3D2" type="CSGBox3D" parent="SubViewportContainer/SubViewport/Geometry/Abstract Towers2"]
transform = Transform3D(1, 0, 0, 0, 1, 0, 0, 0, 1, 6.5063095, 25.06747, -19.603836)
size = Vector3(6.4643555, 56.094185, 4.9991455)

[node name="CSGBox3D3" type="CSGBox3D" parent="SubViewportContainer/SubViewport/Geometry/Abstract Towers2"]
transform = Transform3D(1, 0, 0, 0, 1, 0, 0, 0, 1, -10.068977, 15.495111, -33.07776)
size = Vector3(6.4643555, 32.886936, 9.287659)

[node name="CSGBox3D4" type="CSGBox3D" parent="SubViewportContainer/SubViewport/Geometry/Abstract Towers2"]
transform = Transform3D(1, 0, 0, 0, 1, 0, 0, 0, 1, -4.0213623, 7.0597544, -22.655914)
size = Vector3(6.4643555, 16.016222, 9.287659)

[node name="CSGBox3D5" type="CSGBox3D" parent="SubViewportContainer/SubViewport/Geometry/Abstract Towers2"]
transform = Transform3D(0.82746285, 0, -0.56152046, 0, 1, 0, 0.56152046, 0, 0.82746285, 9.098167, 102.651306, -21.00682)
size = Vector3(6.4643555, 228.31766, 4.9991455)

[node name="CSGBox3D6" type="CSGBox3D" parent="SubViewportContainer/SubViewport/Geometry/Abstract Towers2"]
transform = Transform3D(0.82746285, 0, -0.56152046, 0, 1, 0, 0.56152046, 0, 0.82746285, -0.6897888, 16.53957, -17.7453)
size = Vector3(6.4643555, 56.094185, 4.9991455)

[node name="CSGBox3D7" type="CSGBox3D" parent="SubViewportContainer/SubViewport/Geometry/Abstract Towers2"]
transform = Transform3D(0.82746285, 0, -0.56152046, 0, 1, 0, 0.56152046, 0, 0.82746285, -6.839348, 6.967211, -38.201843)
size = Vector3(6.4643555, 32.886936, 9.287659)

[node name="CSGBox3D8" type="CSGBox3D" parent="SubViewportContainer/SubViewport/Geometry/Abstract Towers2"]
transform = Transform3D(0.82746285, 0, -0.56152046, 0, 1, 0, 0.56152046, 0, 0.82746285, -7.6872406, -1.4681492, -26.182281)
size = Vector3(6.4643555, 16.016222, 9.287659)

[node name="CSGBox3D9" type="CSGBox3D" parent="SubViewportContainer/SubViewport/Geometry/Abstract Towers2"]
transform = Transform3D(0.82746285, 0, -0.56152046, 0, 1, 0, 0.56152046, 0, 0.82746285, 9.098167, 102.651306, -42.831436)
size = Vector3(6.4643555, 228.31766, 4.9991455)

[node name="CSGBox3D10" type="CSGBox3D" parent="SubViewportContainer/SubViewport/Geometry/Abstract Towers2"]
transform = Transform3D(0.82746285, 0, -0.56152046, 0, 1, 0, 0.56152046, 0, 0.82746285, -0.6897888, 16.53957, -39.569916)
size = Vector3(6.4643555, 56.094185, 4.9991455)

[node name="CSGBox3D11" type="CSGBox3D" parent="SubViewportContainer/SubViewport/Geometry/Abstract Towers2"]
transform = Transform3D(-0.9930992, 0, -0.117277175, 0, 1, 0, 0.117277175, 0, -0.9930992, -4.3061905, 3.9334106, -13.249924)
size = Vector3(6.4643555, 32.886936, 9.287659)

[node name="CSGBox3D12" type="CSGBox3D" parent="SubViewportContainer/SubViewport/Geometry/Abstract Towers2"]
transform = Transform3D(-0.9930992, 0, -0.117277175, 0, 1, 0, 0.117277175, 0, -0.9930992, -11.534332, -4.5019493, -22.89061)
size = Vector3(6.4643555, 16.016222, 9.287659)

[node name="CSGBox3D13" type="CSGBox3D" parent="SubViewportContainer/SubViewport/Geometry/Abstract Towers2"]
transform = Transform3D(-0.8274497, 0.00563729, 0.5615115, -0.004664648, -0.9999841, 0.0031654537, 0.56152046, 0, 0.82746285, 32.43931, 126.99365, -32.803726)
size = Vector3(6.4643555, 56.094185, 4.9991455)

[node name="CSGBox3D14" type="CSGBox3D" parent="SubViewportContainer/SubViewport/Geometry/Abstract Towers2"]
transform = Transform3D(-0.8274497, 0.00563729, 0.5615115, -0.004664648, -0.9999841, 0.0031654537, 0.56152046, 0, 0.82746285, 38.534813, 136.60054, -53.26027)
size = Vector3(6.4643555, 32.886936, 9.287659)

[node name="CSGBox3D16" type="CSGBox3D" parent="SubViewportContainer/SubViewport/Geometry/Abstract Towers2"]
transform = Transform3D(-0.8274497, 0.00563729, 0.5615115, -0.004664648, -0.9999841, 0.0031654537, 0.56152046, 0, 0.82746285, 23.13694, 40.82811, -57.889862)
size = Vector3(6.4643555, 228.31766, 4.9991455)

[node name="CSGBox3D20" type="CSGBox3D" parent="SubViewportContainer/SubViewport/Geometry/Abstract Towers2"]
transform = Transform3D(-0.7106186, 0.03660144, -0.7026247, 0.046071507, 0.99892324, 0.0054406817, 0.7020674, -0.028504731, -0.71153986, 37.376793, -14.345367, -2.1327057)
size = Vector3(6.4643555, 16.016222, 9.287659)

[node name="CSGBox3D22" type="CSGBox3D" parent="SubViewportContainer/SubViewport/Geometry/Abstract Towers2"]
transform = Transform3D(-0.30727893, -0.032158025, 0.9510761, 0.03372713, -0.99916905, -0.022887403, 0.9510217, 0.025044251, 0.3081081, 63.36383, 82.16208, -60.864044)
size = Vector3(6.4643555, 31.495104, 9.287659)

[node name="CSGBox3D24" type="CSGBox3D" parent="SubViewportContainer/SubViewport/Geometry/Abstract Towers2"]
transform = Transform3D(-0.30727893, -0.032158025, 0.9510761, 0.03372713, -0.99916905, -0.022887403, 0.9510217, 0.025044251, 0.3081081, 44.856133, 29.32743, -52.31842)
size = Vector3(6.4643555, 228.31766, 4.9991455)

[node name="CSGBox3D17" type="CSGBox3D" parent="SubViewportContainer/SubViewport/Geometry/Abstract Towers2"]
transform = Transform3D(-0.8274497, 0.00563729, 0.5615115, -0.004664648, -0.9999841, 0.0031654537, 0.56152046, 0, 0.82746285, 32.43931, 126.99365, -54.62834)
size = Vector3(6.4643555, 56.094185, 4.9991455)

[node name="CSGBox3D18" type="CSGBox3D" parent="SubViewportContainer/SubViewport/Geometry/Abstract Towers2"]
transform = Transform3D(-0.05217991, 0.00036810746, 0.9986378, 0.0055983886, -0.9999842, 0.0006611255, 0.99862206, 0.0056252587, 0.052176997, 35.988075, 139.00058, -28.30835)
size = Vector3(6.4643555, 31.648058, 9.287659)

[node name="CSGBox3D19" type="CSGBox3D" parent="SubViewportContainer/SubViewport/Geometry/Abstract Towers2"]
transform = Transform3D(0.9930834, 0.00563729, 0.117275305, 0.005598388, -0.9999841, 0.00066112546, 0.117277175, 0, -0.9930992, 43.173653, 146.57266, -37.949036)
size = Vector3(6.4643555, 12.969537, 9.287659)

[node name="Abstract Towers3" type="CSGCombiner3D" parent="SubViewportContainer/SubViewport/Geometry"]
transform = Transform3D(-0.9916936, 0, 0.12862252, 0, 2, 0, -0.12862252, 0, -0.9916936, 0.554657, -149.44171, -510.7388)

[node name="CSGBox3D" type="CSGBox3D" parent="SubViewportContainer/SubViewport/Geometry/Abstract Towers3"]
transform = Transform3D(1, 0, 0, 0, 1, 0, 0, 0, 1, -141.17795, 111.17921, -68.59412)
size = Vector3(6.4643555, 228.31766, 4.9991455)

[node name="CSGBox3D2" type="CSGBox3D" parent="SubViewportContainer/SubViewport/Geometry/Abstract Towers3"]
transform = Transform3D(1, 0, 0, 0, 1, 0, 0, 0, 1, 6.5063095, 25.06747, -19.603836)
size = Vector3(6.4643555, 56.094185, 4.9991455)

[node name="CSGBox3D3" type="CSGBox3D" parent="SubViewportContainer/SubViewport/Geometry/Abstract Towers3"]
transform = Transform3D(1, 0, 0, 0, 1, 0, 0, 0, 1, -10.068977, 15.495111, -33.07776)
size = Vector3(6.4643555, 32.886936, 9.287659)

[node name="CSGBox3D4" type="CSGBox3D" parent="SubViewportContainer/SubViewport/Geometry/Abstract Towers3"]
transform = Transform3D(1, 0, 0, 0, 1, 0, 0, 0, 1, -4.0213623, 7.0597544, -22.655914)
size = Vector3(6.4643555, 16.016222, 9.287659)

[node name="CSGBox3D5" type="CSGBox3D" parent="SubViewportContainer/SubViewport/Geometry/Abstract Towers3"]
transform = Transform3D(0.8274626, 0, -0.56152064, 0, 1, 0, 0.56152064, 0, 0.8274626, -106.23455, 48.758194, -60.75821)
size = Vector3(6.4643555, 228.31766, 4.9991455)

[node name="CSGBox3D6" type="CSGBox3D" parent="SubViewportContainer/SubViewport/Geometry/Abstract Towers3"]
transform = Transform3D(0.82746285, 0, -0.56152046, 0, 1, 0, 0.56152046, 0, 0.82746285, -0.6897888, 16.53957, -17.7453)
size = Vector3(6.4643555, 56.094185, 4.9991455)

[node name="CSGBox3D7" type="CSGBox3D" parent="SubViewportContainer/SubViewport/Geometry/Abstract Towers3"]
transform = Transform3D(0.82746285, 0, -0.56152046, 0, 1, 0, 0.56152046, 0, 0.82746285, -6.839348, 6.967211, -38.201843)
size = Vector3(6.4643555, 32.886936, 9.287659)

[node name="CSGBox3D8" type="CSGBox3D" parent="SubViewportContainer/SubViewport/Geometry/Abstract Towers3"]
transform = Transform3D(0.82746285, 0, -0.56152046, 0, 1, 0, 0.56152046, 0, 0.82746285, -7.6872406, -1.4681492, -26.182281)
size = Vector3(6.4643555, 16.016222, 9.287659)

[node name="CSGBox3D9" type="CSGBox3D" parent="SubViewportContainer/SubViewport/Geometry/Abstract Towers3"]
transform = Transform3D(0.82746273, 0, -0.5615205, 0, 1, 0, 0.5615205, 0, 0.82746273, -118.670334, 102.65131, -68.530334)
size = Vector3(6.4643555, 228.31766, 4.9991455)

[node name="CSGBox3D10" type="CSGBox3D" parent="SubViewportContainer/SubViewport/Geometry/Abstract Towers3"]
transform = Transform3D(0.82746285, 0, -0.56152046, 0, 1, 0, 0.56152046, 0, 0.82746285, -0.6897888, 16.53957, -39.569916)
size = Vector3(6.4643555, 56.094185, 4.9991455)

[node name="CSGBox3D11" type="CSGBox3D" parent="SubViewportContainer/SubViewport/Geometry/Abstract Towers3"]
transform = Transform3D(-0.9930992, 0, -0.117277175, 0, 1, 0, 0.117277175, 0, -0.9930992, -4.3061905, 3.9334106, -13.249924)
size = Vector3(6.4643555, 32.886936, 9.287659)

[node name="CSGBox3D12" type="CSGBox3D" parent="SubViewportContainer/SubViewport/Geometry/Abstract Towers3"]
transform = Transform3D(-0.9930992, 0, -0.117277175, 0, 1, 0, 0.117277175, 0, -0.9930992, -11.534332, -4.5019493, -22.89061)
size = Vector3(6.4643555, 16.016222, 9.287659)

[node name="CSGBox3D13" type="CSGBox3D" parent="SubViewportContainer/SubViewport/Geometry/Abstract Towers3"]
transform = Transform3D(-0.8274497, 0.005637289, 0.5615115, -0.004664648, -0.9999841, 0.0031654537, 0.56152046, 0, 0.82746273, -92.233765, 138.50494, -38.738373)
size = Vector3(6.4643555, 56.094185, 4.9991455)

[node name="CSGBox3D16" type="CSGBox3D" parent="SubViewportContainer/SubViewport/Geometry/Abstract Towers3"]
transform = Transform3D(-0.8274497, 0.0056372895, 0.5615115, -0.004664648, -0.9999841, 0.0031654537, 0.56152046, 0, 0.8274628, 111.49041, 40.82811, -11.805328)
size = Vector3(6.4643555, 228.31766, 4.9991455)

[node name="CSGBox3D20" type="CSGBox3D" parent="SubViewportContainer/SubViewport/Geometry/Abstract Towers3"]
transform = Transform3D(-0.7106186, 0.03660144, -0.7026247, 0.046071507, 0.99892324, 0.0054406817, 0.7020674, -0.028504731, -0.71153986, 37.376793, -14.345367, -2.1327057)
size = Vector3(6.4643555, 16.016222, 9.287659)

[node name="CSGBox3D18" type="CSGBox3D" parent="SubViewportContainer/SubViewport/Geometry/Abstract Towers3"]
transform = Transform3D(-0.052179888, 0.00036810758, 0.9986378, 0.0055983886, -0.9999842, 0.0006611255, 0.99862206, 0.0056252596, 0.052176997, -88.68501, 150.51187, -34.24298)
size = Vector3(6.4643555, 31.648058, 9.287659)

[node name="CSGBox3D19" type="CSGBox3D" parent="SubViewportContainer/SubViewport/Geometry/Abstract Towers3"]
transform = Transform3D(0.9930834, 0.005637289, 0.117275275, 0.005598388, -0.9999841, 0.00066112546, 0.1172772, 0, -0.9930991, -81.49942, 158.08395, -43.883636)
size = Vector3(6.4643555, 12.969537, 9.287659)

[node name="middlebox" type="CSGCombiner3D" parent="SubViewportContainer/SubViewport/Geometry"]
transform = Transform3D(1, 0, 0, 0, 1, 0, 0, 0, 1, 0, -13.549179, 0)

[node name="CSGBox3D" type="CSGBox3D" parent="SubViewportContainer/SubViewport/Geometry/middlebox"]
transform = Transform3D(1, 0, 0, 0, 1, 0, 0, 0, 1, 279.67963, 27.908194, -192.02095)
size = Vector3(34.37378, 42.811142, 32.805603)

[node name="CSGCombiner3D" type="CSGCombiner3D" parent="SubViewportContainer/SubViewport/Geometry/middlebox/CSGBox3D"]
operation = 2

[node name="CSGBox3D2" type="CSGBox3D" parent="SubViewportContainer/SubViewport/Geometry/middlebox/CSGBox3D/CSGCombiner3D"]
transform = Transform3D(1, 0, 0, 0, 1, 0, 0, 0, 1, -19.786621, -6.7862206, 12.508865)
size = Vector3(17.568237, 29.2387, 23.512177)

[node name="CSGBox3D3" type="CSGBox3D" parent="SubViewportContainer/SubViewport/Geometry/middlebox/CSGBox3D/CSGCombiner3D"]
transform = Transform3D(1, 0, 0, 0, 1, 0, 0, 0, 1, 13.451538, 12.122545, 12.508865)
size = Vector3(17.568237, 35.810757, 23.512177)

[node name="middlebox_big" type="CSGCombiner3D" parent="SubViewportContainer/SubViewport/Geometry"]

[node name="CSGBox3D" type="CSGBox3D" parent="SubViewportContainer/SubViewport/Geometry/middlebox_big"]
transform = Transform3D(0.999976, 0, 0.006928928, 0, 1, 0, -0.006928928, 0, 0.999976, 294.15863, 60.477295, -219.32648)
size = Vector3(72.856995, 128.38742, 36.91159)

[node name="CSGCombiner3D" type="CSGCombiner3D" parent="SubViewportContainer/SubViewport/Geometry/middlebox_big/CSGBox3D"]
operation = 2

[node name="CSGBox3D2" type="CSGBox3D" parent="SubViewportContainer/SubViewport/Geometry/middlebox_big/CSGBox3D/CSGCombiner3D"]
transform = Transform3D(1, 0, 0, 0, 1, 0, 0, 0, 1, -19.786621, -6.7862206, 12.508865)
size = Vector3(17.568237, 29.2387, 23.512177)

[node name="CSGBox3D3" type="CSGBox3D" parent="SubViewportContainer/SubViewport/Geometry/middlebox_big/CSGBox3D/CSGCombiner3D"]
transform = Transform3D(1.0000026, 0, -6.0535967e-09, 0, 1, 0, 6.0535967e-09, 0, 1.0000026, 13.451538, 12.122543, -1.1971588)
size = Vector3(17.568237, 35.810757, 50.924187)

[node name="Pillars" type="CSGCombiner3D" parent="SubViewportContainer/SubViewport/Geometry"]

[node name="CSGBox3D" type="CSGBox3D" parent="SubViewportContainer/SubViewport/Geometry/Pillars"]
transform = Transform3D(1, 0, 0, 0, 1, 0, 0, 0, 1, 504.87662, 24.26751, -340.13757)
size = Vector3(4.901428, 49.53502, 4.9403687)

[node name="CSGBox3D2" type="CSGBox3D" parent="SubViewportContainer/SubViewport/Geometry/Pillars"]
transform = Transform3D(1, 0, 0, 0, 1, 0, 0, 0, 1, 523.88416, 31.00747, -352.243)
size = Vector3(4.901428, 49.53502, 4.9403687)

[node name="CSGBox3D3" type="CSGBox3D" parent="SubViewportContainer/SubViewport/Geometry/Pillars"]
transform = Transform3D(1, 0, 0, 0, 1, 0, 0, 0, 1, 538.96954, 31.00747, -334.63144)
size = Vector3(4.901428, 49.53502, 4.9403687)

[node name="CSGBox3D4" type="CSGBox3D" parent="SubViewportContainer/SubViewport/Geometry/Pillars"]
transform = Transform3D(1, 0, 0, 0, 1, 0, 0, 0, 1, 557.9852, 31.00747, -378.47763)
size = Vector3(4.901428, 49.53502, 4.9403687)

[node name="CSGBox3D5" type="CSGBox3D" parent="SubViewportContainer/SubViewport/Geometry/Pillars"]
transform = Transform3D(1, 0, 0, 0, 1, 0, 0, 0, 1, 567.91766, 9.963593, -400.9977)
size = Vector3(4.901428, 49.53502, 4.9403687)

[node name="CSGBox3D6" type="CSGBox3D" parent="SubViewportContainer/SubViewport/Geometry/Pillars"]
transform = Transform3D(1, 0, 0, 0, 1, 0, 0, 0, 1, 572.6617, 22.970058, -405.37335)
size = Vector3(4.901428, 56.05999, 4.9403687)

[node name="CSGBox3D7" type="CSGBox3D" parent="SubViewportContainer/SubViewport/Geometry/Pillars"]
transform = Transform3D(1, 0, 0, 0, 1, 0, 0, 0, 1, 572.32544, 22.97005, -363.34457)
size = Vector3(4.901428, 56.05999, 4.9403687)

[node name="CSGBox3D8" type="CSGBox3D" parent="SubViewportContainer/SubViewport/Geometry/Pillars"]
transform = Transform3D(1, 0, 0, 0, 1, 0, 0, 0, 1, 554.1035, 44.969807, -425.51825)
size = Vector3(4.901428, 56.05999, 4.9403687)

[node name="CSGBox3D9" type="CSGBox3D" parent="SubViewportContainer/SubViewport/Geometry/Pillars"]
transform = Transform3D(-0.8800053, 0, 0.4749639, 0, 1, 0, -0.4749639, 0, -0.8800053, 623.3928, 16.18406, -339.00488)
size = Vector3(4.901428, 49.53502, 4.9403687)

[node name="CSGBox3D10" type="CSGBox3D" parent="SubViewportContainer/SubViewport/Geometry/Pillars"]
transform = Transform3D(-0.8800053, 0, 0.4749639, 0, 1, 0, -0.4749639, 0, -0.8800053, 600.91644, 22.924019, -337.37994)
size = Vector3(4.901428, 49.53502, 4.9403687)

[node name="CSGBox3D11" type="CSGBox3D" parent="SubViewportContainer/SubViewport/Geometry/Pillars"]
transform = Transform3D(-0.8800053, 0, 0.4749639, 0, 1, 0, -0.4749639, 0, -0.8800053, 596.0061, 22.924019, -360.04324)
size = Vector3(4.901428, 49.53502, 4.9403687)

[node name="CSGBox3D12" type="CSGBox3D" parent="SubViewportContainer/SubViewport/Geometry/Pillars"]
transform = Transform3D(-0.8800053, 0, 0.4749639, 0, 1, 0, -0.4749639, 0, -0.8800053, 558.44684, 22.924019, -330.4901)
size = Vector3(4.901428, 49.53502, 4.9403687)

[node name="CSGBox3D13" type="CSGBox3D" parent="SubViewportContainer/SubViewport/Geometry/Pillars"]
transform = Transform3D(-0.8800053, 0, 0.4749639, 0, 1, 0, -0.4749639, 0, -0.8800053, 539.01, 1.8801422, -315.3899)
size = Vector3(4.901428, 49.53502, 4.9403687)

[node name="CSGBox3D14" type="CSGBox3D" parent="SubViewportContainer/SubViewport/Geometry/Pillars"]
transform = Transform3D(-0.8800053, 0, 0.4749639, 0, 1, 0, -0.4749639, 0, -0.8800053, 532.75696, 14.886608, -313.79254)
size = Vector3(4.901428, 56.05999, 4.9403687)

[node name="CSGBox3D15" type="CSGBox3D" parent="SubViewportContainer/SubViewport/Geometry/Pillars"]
transform = Transform3D(-0.8800053, 0, 0.4749639, 0, 1, 0, -0.4749639, 0, -0.8800053, 553.015, 14.8866005, -350.61838)
size = Vector3(4.901428, 56.05999, 4.9403687)

