[gd_scene load_steps=2 format=3 uid="uid://dbo2xl53q5f4k"]

[ext_resource type="PackedScene" uid="uid://blc3x34lxdw7g" path="res://content/levels/level_6/hair.tscn" id="1_h7v3p"]

[node name="Hairs" type="Node3D"]

[node name="Hair3" parent="." instance=ExtResource("1_h7v3p")]
transform = Transform3D(1, 0, 0, 0, 0.99657416, 0.08270385, 0, -0.08270385, 0.99657416, -2.264597, 0, -8.584213)

[node name="Hair4" parent="." instance=ExtResource("1_h7v3p")]
transform = Transform3D(0.9967212, -0.08063499, -0.0066917487, 0.08091218, 0.9933066, 0.08243268, 0, -0.08270385, 0.99657416, -8.537338, 0, -1.0468826)

[node name="Hair5" parent="." instance=ExtResource("1_h7v3p")]
transform = Transform3D(0.9967522, 0.08025358, 0.006660097, -0.080529466, 0.9933374, 0.08243524, 0, -0.08270385, 0.99657416, 5.995022, -3.8146973e-06, 7.12294)

[node name="Hair8" parent="." instance=ExtResource("1_h7v3p")]
transform = Transform3D(0.9175534, -0.06180066, 0.3927808, -0.011706806, 0.98321974, 0.18204871, -0.39744067, -0.17163758, 0.90143305, 3.6020856, -7.699047, -22.996944)
